Sig Name	G1, 1
Format	Mag	Scaling	EUrms
Chan	1
Chan Name	I1

Hz	in/s
              0	              0
            0.5	   2.35449e-005
              1	  4.002472e-007
            1.5	  2.281093e-007
              2	   1.63849e-007
            2.5	  1.286242e-007
              3	   7.84738e-008
            3.5	   5.73974e-008
              4	  5.248583e-008
            4.5	  4.774946e-008
              5	  4.014434e-008
            5.5	  3.407271e-008
              6	  3.166348e-008
            6.5	  2.673629e-008
              7	   2.28856e-008
            7.5	  2.150277e-008
              8	  1.849033e-008
            8.5	  1.609782e-008
              9	  1.569801e-008
            9.5	  1.718083e-008
             10	  1.230603e-008
           10.5	  1.070559e-008
             11	  1.241003e-008
           11.5	  1.128781e-008
             12	   9.46784e-009
           12.5	  9.683124e-009
             13	  9.514702e-009
           13.5	  9.308994e-009
             14	  8.493874e-009
           14.5	  7.532834e-009
             15	  7.029186e-009
           15.5	   6.97397e-009
             16	  7.168971e-009
           16.5	  6.246593e-009
             17	  6.848583e-009
           17.5	  7.136436e-009
             18	  5.967495e-009
           18.5	  5.251353e-009
             19	  4.607466e-009
           19.5	   3.95909e-009
             20	  4.129605e-009
           20.5	  4.888159e-009
             21	  5.188618e-009
           21.5	  4.807294e-009
             22	  3.880706e-009
           22.5	  3.787409e-009
             23	   4.07147e-009
           23.5	  3.996266e-009
             24	  4.272512e-009
           24.5	   4.36223e-009
             25	  4.276982e-009
           25.5	  3.554041e-009
             26	  3.166302e-009
           26.5	   2.95447e-009
             27	  3.080523e-009
           27.5	  3.205657e-009
             28	  3.399808e-009
           28.5	  3.163711e-009
             29	  2.754446e-009
           29.5	  2.244538e-009
             30	  2.186222e-009
           30.5	  2.385414e-009
             31	   2.80658e-009
           31.5	  2.856567e-009
             32	   2.67024e-009
           32.5	  2.363582e-009
             33	  2.358196e-009
           33.5	  2.457667e-009
             34	  2.268972e-009
           34.5	  2.350793e-009
             35	  2.428929e-009
           35.5	  2.070818e-009
             36	  2.212974e-009
           36.5	  2.292228e-009
             37	  2.230359e-009
           37.5	  2.113969e-009
             38	  2.126648e-009
           38.5	  2.075213e-009
             39	  2.196519e-009
           39.5	  2.211875e-009
             40	  1.932341e-009
           40.5	  2.001609e-009
             41	  1.807616e-009
           41.5	  1.794456e-009
             42	  1.709732e-009
           42.5	  1.639299e-009
             43	  1.552139e-009
           43.5	  1.629669e-009
             44	  1.695692e-009
           44.5	  1.589929e-009
             45	  1.402301e-009
           45.5	  1.362564e-009
             46	  1.414557e-009
           46.5	  1.441563e-009
             47	  1.574647e-009
           47.5	  1.447569e-009
             48	  1.385124e-009
           48.5	  1.446506e-009
             49	  1.490853e-009
           49.5	   1.30214e-009
             50	  1.457489e-009
           50.5	  1.306158e-009
             51	  1.364732e-009
           51.5	   1.07477e-009
             52	  9.892132e-010
           52.5	  1.171632e-009
             53	  1.154779e-009
           53.5	  1.173995e-009
             54	   1.22805e-009
           54.5	  1.076553e-009
             55	   1.09745e-009
           55.5	  1.176785e-009
             56	  1.210939e-009
           56.5	  1.013265e-009
             57	  1.022576e-009
           57.5	   1.00817e-009
             58	  1.093426e-009
           58.5	   1.10058e-009
             59	  1.080482e-009
           59.5	  1.574235e-009
             60	  2.401154e-009
           60.5	  1.521303e-009
             61	  1.065588e-009
           61.5	  9.897575e-010
             62	  9.483175e-010
           62.5	  9.258329e-010
             63	  8.702732e-010
           63.5	   1.02583e-009
             64	  9.117562e-010
           64.5	  8.575146e-010
             65	  8.152434e-010
           65.5	  9.144202e-010
             66	  8.566823e-010
           66.5	   7.33878e-010
             67	  8.580134e-010
           67.5	  8.152449e-010
             68	   7.97939e-010
           68.5	  6.772231e-010
             69	  7.151519e-010
           69.5	  8.944493e-010
             70	  8.924778e-010
           70.5	  9.604444e-010
             71	  8.792158e-010
           71.5	  7.895296e-010
             72	  7.330788e-010
           72.5	  6.990156e-010
             73	  7.223789e-010
           73.5	  6.945942e-010
             74	  6.539466e-010
           74.5	  7.387178e-010
             75	  8.030788e-010
           75.5	  7.475863e-010
             76	   7.48702e-010
           76.5	  6.893812e-010
             77	  7.153164e-010
           77.5	  7.086307e-010
             78	  5.920605e-010
           78.5	  6.462546e-010
             79	  7.232225e-010
           79.5	  7.524116e-010
             80	   7.40771e-010
           80.5	  7.187285e-010
             81	  7.010993e-010
           81.5	  7.261268e-010
             82	  7.114342e-010
           82.5	  6.714405e-010
             83	  5.889219e-010
           83.5	  6.015926e-010
             84	   6.81862e-010
           84.5	  6.160376e-010
             85	   6.18761e-010
           85.5	  5.902186e-010
             86	  5.345567e-010
           86.5	  5.489513e-010
             87	  6.125119e-010
           87.5	  6.495657e-010
             88	  6.204661e-010
           88.5	  5.545306e-010
             89	   5.45772e-010
           89.5	  5.976002e-010
             90	  6.454108e-010
           90.5	  5.804967e-010
             91	  5.290585e-010
           91.5	  5.038854e-010
             92	  4.810695e-010
           92.5	  4.531082e-010
             93	  5.330513e-010
           93.5	  5.429717e-010
             94	  5.684049e-010
           94.5	  6.095723e-010
             95	  5.860497e-010
           95.5	  6.122168e-010
             96	  5.553608e-010
           96.5	  5.291795e-010
             97	  5.365014e-010
           97.5	  5.036843e-010
             98	  5.355848e-010
           98.5	  5.476761e-010
             99	  5.106596e-010
           99.5	  5.220423e-010
            100	  4.534095e-010
          100.5	  4.838764e-010
            101	  4.637385e-010
          101.5	  3.760916e-010
            102	  3.828028e-010
          102.5	  4.270727e-010
            103	  5.235594e-010
          103.5	  4.846337e-010
            104	  5.590073e-010
          104.5	  5.896763e-010
            105	  5.182742e-010
          105.5	  4.471449e-010
            106	  4.495776e-010
          106.5	  4.604263e-010
            107	  4.483381e-010
          107.5	  4.628762e-010
            108	  4.286869e-010
          108.5	  5.255924e-010
            109	  5.066201e-010
          109.5	  4.943814e-010
            110	  5.330961e-010
          110.5	   5.57734e-010
            111	   5.04972e-010
          111.5	  5.757577e-010
            112	  6.571381e-010
          112.5	  6.076106e-010
            113	   6.32516e-010
          113.5	  7.043338e-010
            114	  6.808722e-010
          114.5	  8.965666e-010
            115	   8.91721e-010
          115.5	  8.194263e-010
            116	  8.960647e-010
          116.5	  8.828282e-010
            117	  7.845173e-010
          117.5	  8.018399e-010
            118	  8.496781e-010
          118.5	  9.422583e-010
            119	  8.414356e-010
          119.5	  7.379902e-010
            120	  8.036196e-010
          120.5	  8.627346e-010
            121	  6.791341e-010
          121.5	  7.656344e-010
            122	  6.825058e-010
          122.5	  6.459751e-010
            123	  5.884156e-010
          123.5	   5.06122e-010
            124	  4.992189e-010
          124.5	  5.294374e-010
            125	  5.654712e-010
          125.5	  5.321925e-010
            126	  5.702013e-010
          126.5	  5.003553e-010
            127	  4.725801e-010
          127.5	  4.346745e-010
            128	  3.783311e-010
          128.5	   3.50598e-010
            129	  3.236791e-010
          129.5	  3.682141e-010
            130	  3.611885e-010
          130.5	  3.721077e-010
            131	  4.054844e-010
          131.5	  3.960619e-010
            132	  3.651664e-010
          132.5	  3.663966e-010
            133	  4.046354e-010
          133.5	  3.569068e-010
            134	  3.498816e-010
          134.5	  3.733485e-010
            135	  3.796108e-010
          135.5	   3.51781e-010
            136	  3.475412e-010
          136.5	  3.528471e-010
            137	  3.131208e-010
          137.5	  3.045588e-010
            138	   3.17849e-010
          138.5	  2.921888e-010
            139	  3.326287e-010
          139.5	   3.61541e-010
            140	  2.979946e-010
          140.5	  2.913671e-010
            141	  2.969471e-010
          141.5	  2.969024e-010
            142	  3.207757e-010
          142.5	  3.116138e-010
            143	  3.346394e-010
          143.5	   3.35985e-010
            144	  3.304591e-010
          144.5	   3.43346e-010
            145	   2.86434e-010
          145.5	  2.830162e-010
            146	  2.980497e-010
          146.5	  2.785858e-010
            147	    2.5827e-010
          147.5	  2.637034e-010
            148	  2.848813e-010
          148.5	  2.518157e-010
            149	  2.692141e-010
          149.5	  2.662209e-010
            150	  2.826651e-010
          150.5	  2.701476e-010
            151	  2.925992e-010
          151.5	  3.275749e-010
            152	  3.053667e-010
          152.5	  2.791958e-010
            153	  2.716526e-010
          153.5	  2.668343e-010
            154	  2.840781e-010
          154.5	  2.783614e-010
            155	  2.784492e-010
          155.5	  2.662369e-010
            156	  2.398083e-010
          156.5	   2.35115e-010
            157	  2.477931e-010
          157.5	  2.722003e-010
            158	  2.415552e-010
          158.5	  2.644646e-010
            159	  2.756721e-010
          159.5	  2.809045e-010
            160	  2.625713e-010
          160.5	  2.691996e-010
            161	  2.882327e-010
          161.5	  2.530051e-010
            162	  2.656448e-010
          162.5	  2.688259e-010
            163	  2.365632e-010
          163.5	  2.680021e-010
            164	  2.807086e-010
          164.5	  2.724804e-010
            165	  2.653335e-010
          165.5	  2.446199e-010
            166	  2.558684e-010
          166.5	  2.415658e-010
            167	  2.652285e-010
          167.5	  2.471205e-010
            168	  2.238013e-010
          168.5	  2.443642e-010
            169	    2.3429e-010
          169.5	  2.514522e-010
            170	  2.736558e-010
          170.5	  2.587494e-010
            171	  2.380905e-010
          171.5	  2.527576e-010
            172	  2.429967e-010
          172.5	  2.435594e-010
            173	  2.420152e-010
          173.5	  2.228115e-010
            174	  2.326258e-010
          174.5	  2.512102e-010
            175	  2.283497e-010
          175.5	  2.390816e-010
            176	  2.264683e-010
          176.5	  2.506898e-010
            177	  2.462299e-010
          177.5	  2.701862e-010
            178	  2.455139e-010
          178.5	  2.370563e-010
            179	  2.464977e-010
          179.5	  2.414924e-010
            180	  2.298609e-010
          180.5	  2.093287e-010
            181	   1.90955e-010
          181.5	  2.161382e-010
            182	  1.995582e-010
          182.5	   2.12575e-010
            183	  2.391177e-010
          183.5	  2.344372e-010
            184	  2.396243e-010
          184.5	  2.038023e-010
            185	  1.954551e-010
          185.5	  2.161256e-010
            186	  2.358065e-010
          186.5	  2.479093e-010
            187	  2.401984e-010
          187.5	  2.348338e-010
            188	    1.9992e-010
          188.5	  1.917186e-010
            189	  1.823019e-010
          189.5	  1.864187e-010
            190	  2.048772e-010
          190.5	  2.114808e-010
            191	  2.268473e-010
          191.5	  2.428341e-010
            192	   2.21004e-010
          192.5	   2.01866e-010
            193	  2.124477e-010
          193.5	  2.109924e-010
            194	  2.136315e-010
          194.5	  2.036614e-010
            195	  2.114566e-010
          195.5	  2.052838e-010
            196	  2.173558e-010
          196.5	  2.034515e-010
            197	  2.121191e-010
          197.5	  2.019002e-010
            198	  1.693773e-010
          198.5	  1.569302e-010
            199	  1.954447e-010
          199.5	  2.041183e-010
            200	   1.87854e-010
          200.5	  1.842081e-010
            201	  1.942331e-010
          201.5	  1.657893e-010
            202	  1.819592e-010
          202.5	  2.038323e-010
            203	  1.974498e-010
          203.5	  1.756117e-010
            204	  2.029138e-010
          204.5	  2.232867e-010
            205	  1.887895e-010
          205.5	  1.908079e-010
            206	  1.796045e-010
          206.5	  1.779932e-010
            207	  1.931475e-010
          207.5	  1.830612e-010
            208	   1.68197e-010
          208.5	   1.73917e-010
            209	  1.730433e-010
          209.5	  1.824914e-010
            210	  1.747293e-010
          210.5	   1.89524e-010
            211	  2.050549e-010
          211.5	  1.872797e-010
            212	   1.77207e-010
          212.5	    1.8995e-010
            213	  1.879811e-010
          213.5	  1.833464e-010
            214	  1.802668e-010
          214.5	  1.869353e-010
            215	  1.834815e-010
          215.5	  1.645253e-010
            216	  1.495668e-010
          216.5	  1.471797e-010
            217	  1.606179e-010
          217.5	  1.681798e-010
            218	   1.60453e-010
          218.5	  1.666495e-010
            219	  1.780781e-010
          219.5	  2.014548e-010
            220	  1.878407e-010
          220.5	  1.999608e-010
            221	  2.087951e-010
          221.5	  1.995837e-010
            222	  1.568509e-010
          222.5	  1.404543e-010
            223	  1.454483e-010
          223.5	  1.340814e-010
            224	  1.506301e-010
          224.5	  1.496202e-010
            225	  1.474666e-010
          225.5	  1.529974e-010
            226	  1.470766e-010
          226.5	  1.450828e-010
            227	  1.419387e-010
          227.5	  1.493231e-010
            228	  1.567186e-010
          228.5	  1.772999e-010
            229	  1.670607e-010
          229.5	  1.736473e-010
            230	  1.815883e-010
          230.5	  1.695739e-010
            231	  1.522955e-010
          231.5	  1.720928e-010
            232	  1.709326e-010
          232.5	  1.635006e-010
            233	  1.717151e-010
          233.5	  1.672743e-010
            234	  1.529476e-010
          234.5	  1.597874e-010
            235	  1.446799e-010
          235.5	   1.48375e-010
            236	  1.347219e-010
          236.5	  1.283929e-010
            237	  1.434152e-010
          237.5	  1.515336e-010
            238	  1.377072e-010
          238.5	  1.647571e-010
            239	  1.609376e-010
          239.5	  1.624038e-010
            240	  1.677252e-010
          240.5	  1.662195e-010
            241	  1.926447e-010
          241.5	  1.845228e-010
            242	  1.535249e-010
          242.5	  1.437695e-010
            243	  1.551734e-010
          243.5	  1.465259e-010
            244	  1.447494e-010
          244.5	  1.574327e-010
            245	    1.3599e-010
          245.5	  1.100087e-010
            246	  1.297101e-010
          246.5	  1.511038e-010
            247	  1.568893e-010
          247.5	  1.453501e-010
            248	  1.316909e-010
          248.5	  1.304133e-010
            249	  1.435169e-010
          249.5	  1.494633e-010
            250	  1.429545e-010
          250.5	  1.331076e-010
            251	   1.53793e-010
          251.5	   1.55573e-010
            252	  1.546853e-010
          252.5	  1.344566e-010
            253	  1.397971e-010
          253.5	  1.441291e-010
            254	  1.345498e-010
          254.5	  1.235027e-010
            255	  1.188225e-010
          255.5	   1.12953e-010
            256	  1.278439e-010
          256.5	  1.367404e-010
            257	  1.415852e-010
          257.5	  1.356472e-010
            258	  1.339781e-010
          258.5	  1.269989e-010
            259	  1.278975e-010
          259.5	  1.412752e-010
            260	  1.462952e-010
          260.5	  1.520484e-010
            261	  1.560136e-010
          261.5	  1.432665e-010
            262	  1.464578e-010
          262.5	  1.453726e-010
            263	  1.221964e-010
          263.5	  1.538564e-010
            264	  1.583059e-010
          264.5	  1.426236e-010
            265	  1.286002e-010
          265.5	  1.241943e-010
            266	  1.205291e-010
          266.5	  1.223331e-010
            267	   1.16671e-010
          267.5	  1.143148e-010
            268	  1.266936e-010
          268.5	  1.257194e-010
            269	  1.275572e-010
          269.5	  1.349356e-010
            270	  1.310595e-010
          270.5	  1.189364e-010
            271	  1.214252e-010
          271.5	  1.340685e-010
            272	  1.355219e-010
          272.5	  1.251583e-010
            273	  1.271915e-010
          273.5	   1.19191e-010
            274	  1.209837e-010
          274.5	  1.413224e-010
            275	  1.506033e-010
          275.5	  1.492028e-010
            276	  1.282133e-010
          276.5	  1.164221e-010
            277	  1.220344e-010
          277.5	  1.161817e-010
            278	  1.084508e-010
          278.5	  1.066119e-010
            279	  1.256238e-010
          279.5	   1.28015e-010
            280	  1.296589e-010
          280.5	  1.328588e-010
            281	  1.268703e-010
          281.5	  1.206934e-010
            282	  1.301115e-010
          282.5	   1.44057e-010
            283	  1.346259e-010
          283.5	  1.212967e-010
            284	  1.232553e-010
          284.5	  1.245072e-010
            285	  1.179363e-010
          285.5	  1.169901e-010
            286	  1.136785e-010
          286.5	  9.808383e-011
            287	  1.195295e-010
          287.5	   1.36613e-010
            288	  1.310437e-010
          288.5	  1.256429e-010
            289	    1.0452e-010
          289.5	  9.693873e-011
            290	  1.103354e-010
          290.5	  1.102394e-010
            291	  1.048496e-010
          291.5	  1.219686e-010
            292	  1.378714e-010
          292.5	  1.187301e-010
            293	  1.097784e-010
          293.5	  1.229015e-010
            294	  1.256326e-010
          294.5	  1.232232e-010
            295	  1.068569e-010
          295.5	  1.202005e-010
            296	  1.114965e-010
          296.5	  1.053814e-010
            297	  1.175467e-010
          297.5	  1.099456e-010
            298	  1.092728e-010
          298.5	  1.165335e-010
            299	  1.226657e-010
          299.5	   1.11514e-010
            300	   1.11208e-010
          300.5	  1.196902e-010
            301	  1.174176e-010
          301.5	  1.108924e-010
            302	  1.097718e-010
          302.5	  1.038949e-010
            303	  9.865488e-011
          303.5	  1.056723e-010
            304	  1.159389e-010
          304.5	  1.288085e-010
            305	   1.19169e-010
          305.5	  1.218567e-010
            306	  1.172142e-010
          306.5	  1.008504e-010
            307	   9.87745e-011
          307.5	  9.853559e-011
            308	  1.092969e-010
          308.5	  1.232031e-010
            309	  1.069512e-010
          309.5	  1.169975e-010
            310	  1.239431e-010
          310.5	  1.174417e-010
            311	  1.044628e-010
          311.5	  1.083466e-010
            312	  1.253575e-010
          312.5	  1.132898e-010
            313	  1.079693e-010
          313.5	  1.016088e-010
            314	  9.944767e-011
          314.5	  1.101688e-010
            315	  1.010045e-010
          315.5	  1.083416e-010
            316	  1.212034e-010
          316.5	  1.130896e-010
            317	  1.191485e-010
          317.5	  1.085456e-010
            318	    1.0104e-010
          318.5	  1.069678e-010
            319	  1.137029e-010
          319.5	  1.089014e-010
            320	  1.031292e-010
          320.5	  9.552976e-011
            321	  9.616618e-011
          321.5	  9.295743e-011
            322	  9.759144e-011
          322.5	  1.211816e-010
            323	  1.138031e-010
          323.5	  9.949724e-011
            324	  9.606793e-011
          324.5	  9.718254e-011
            325	  1.018269e-010
          325.5	  1.111073e-010
            326	  1.072822e-010
          326.5	  1.035009e-010
            327	  9.159361e-011
          327.5	  9.063946e-011
            328	   1.11068e-010
          328.5	   1.05489e-010
            329	   9.35084e-011
          329.5	  9.716005e-011
            330	  9.832343e-011
          330.5	  1.095635e-010
            331	  9.567857e-011
          331.5	  8.977814e-011
            332	  9.148785e-011
          332.5	  1.017823e-010
            333	  9.572083e-011
          333.5	  8.402379e-011
            334	  9.634978e-011
          334.5	  8.876111e-011
            335	  9.370125e-011
          335.5	  1.046165e-010
            336	   1.11509e-010
          336.5	  1.020571e-010
            337	   8.94385e-011
          337.5	  9.825493e-011
            338	   1.09128e-010
          338.5	   9.56346e-011
            339	  1.061912e-010
          339.5	  1.048652e-010
            340	  9.199962e-011
          340.5	  1.056717e-010
            341	  1.050941e-010
          341.5	  8.743564e-011
            342	  9.993292e-011
          342.5	  1.018587e-010
            343	  9.531793e-011
          343.5	  9.625956e-011
            344	  9.228208e-011
          344.5	  9.666246e-011
            345	  1.132228e-010
          345.5	   1.11874e-010
            346	   1.00821e-010
          346.5	  8.806646e-011
            347	  9.220525e-011
          347.5	  8.758148e-011
            348	  9.377091e-011
          348.5	  9.462666e-011
            349	   8.56417e-011
          349.5	  8.824443e-011
            350	  8.145545e-011
          350.5	  9.363336e-011
            351	  9.021962e-011
          351.5	  9.043695e-011
            352	  8.416982e-011
          352.5	  8.731641e-011
            353	  8.352632e-011
          353.5	  7.025493e-011
            354	  7.604316e-011
          354.5	  8.873802e-011
            355	  1.003642e-010
          355.5	  9.043988e-011
            356	  1.004029e-010
          356.5	  1.017983e-010
            357	  8.896634e-011
          357.5	  7.657712e-011
            358	  8.506718e-011
          358.5	  9.279071e-011
            359	   9.09539e-011
          359.5	  9.564202e-011
            360	  8.754301e-011
          360.5	  7.885009e-011
            361	   8.12548e-011
          361.5	  8.124923e-011
            362	  8.562126e-011
          362.5	  7.724309e-011
            363	  8.027583e-011
          363.5	  7.947338e-011
            364	  8.357572e-011
          364.5	  8.031828e-011
            365	  8.500485e-011
          365.5	  8.858204e-011
            366	   8.15692e-011
          366.5	  9.099943e-011
            367	  8.025556e-011
          367.5	  7.823419e-011
            368	  8.052484e-011
          368.5	  7.809833e-011
            369	  8.343999e-011
          369.5	  8.975642e-011
            370	  8.190536e-011
          370.5	  9.197315e-011
            371	  8.978856e-011
          371.5	  9.034453e-011
            372	  9.310275e-011
          372.5	  9.388827e-011
            373	   9.44221e-011
          373.5	   8.24408e-011
            374	  8.699508e-011
          374.5	  9.099478e-011
            375	  9.209466e-011
          375.5	  8.743913e-011
            376	  9.468898e-011
          376.5	  8.595127e-011
            377	  7.063904e-011
          377.5	  6.918215e-011
            378	  8.303926e-011
          378.5	  8.916057e-011
            379	   7.63876e-011
          379.5	  7.901391e-011
            380	  8.431596e-011
          380.5	    8.2825e-011
            381	    8.5949e-011
          381.5	    8.4074e-011
            382	  8.543153e-011
          382.5	  8.970251e-011
            383	  7.935831e-011
          383.5	  8.923172e-011
            384	  9.555633e-011
          384.5	  7.510882e-011
            385	  7.524725e-011
          385.5	  8.298053e-011
            386	  8.558666e-011
          386.5	  8.811165e-011
            387	  8.859111e-011
          387.5	  6.530727e-011
            388	  6.714491e-011
          388.5	  7.439058e-011
            389	  8.352265e-011
          389.5	  6.811034e-011
            390	  5.993558e-011
          390.5	  7.268362e-011
            391	  7.889015e-011
          391.5	  8.969747e-011
            392	  9.433532e-011
          392.5	   8.01049e-011
            393	  8.420316e-011
          393.5	  8.929672e-011
            394	  9.254291e-011
          394.5	  8.184956e-011
            395	  8.331592e-011
          395.5	  9.370545e-011
            396	  8.642815e-011
          396.5	  7.920956e-011
            397	  7.469132e-011
          397.5	  7.587657e-011
            398	  8.539101e-011
          398.5	  7.722863e-011
            399	  7.437344e-011
          399.5	   7.67107e-011
            400	  7.671759e-011
