Sig Name	G1, 1
Format	Mag	Scaling	EUrms
Chan	1
Chan Name	I1

Hz	in/s
              0	              0
            0.5	  3.120985e-005
              1	  5.036783e-007
            1.5	   2.09466e-007
              2	  1.496008e-007
            2.5	  1.211811e-007
              3	  9.533169e-008
            3.5	  6.520521e-008
              4	  5.723457e-008
            4.5	  4.673491e-008
              5	  4.319853e-008
            5.5	  3.663513e-008
              6	  2.580275e-008
            6.5	  2.224123e-008
              7	  2.212932e-008
            7.5	  2.161438e-008
              8	  2.042842e-008
            8.5	  1.677681e-008
              9	  1.507082e-008
            9.5	  1.459758e-008
             10	  1.439711e-008
           10.5	  1.184529e-008
             11	  1.110266e-008
           11.5	  1.157291e-008
             12	  9.706254e-009
           12.5	  8.995634e-009
             13	  8.929756e-009
           13.5	  9.140951e-009
             14	  9.098538e-009
           14.5	  7.228892e-009
             15	   6.76581e-009
           15.5	  6.871492e-009
             16	  6.623223e-009
           16.5	  6.199201e-009
             17	  5.961673e-009
           17.5	  5.671415e-009
             18	  5.622554e-009
           18.5	  5.841331e-009
             19	  5.964128e-009
           19.5	   5.50942e-009
             20	  4.951568e-009
           20.5	  4.552791e-009
             21	  4.674293e-009
           21.5	  4.219378e-009
             22	  4.083049e-009
           22.5	  4.644421e-009
             23	  4.520786e-009
           23.5	  3.890162e-009
             24	  3.522407e-009
           24.5	  3.752518e-009
             25	  3.990934e-009
           25.5	  3.831116e-009
             26	  3.747727e-009
           26.5	  3.391514e-009
             27	   3.23854e-009
           27.5	  3.594948e-009
             28	  3.459314e-009
           28.5	   3.13423e-009
             29	  3.111845e-009
           29.5	  3.474041e-009
             30	  3.504892e-009
           30.5	  3.075205e-009
             31	  2.809569e-009
           31.5	  2.731932e-009
             32	  2.495125e-009
           32.5	  2.276936e-009
             33	  2.332669e-009
           33.5	   2.44391e-009
             34	   2.18317e-009
           34.5	  2.113174e-009
             35	  2.217416e-009
           35.5	  2.324304e-009
             36	  1.951184e-009
           36.5	  2.036258e-009
             37	  2.013148e-009
           37.5	   2.27221e-009
             38	  2.098457e-009
           38.5	   1.86644e-009
             39	  1.840059e-009
           39.5	  1.727292e-009
             40	  1.682754e-009
           40.5	  1.821474e-009
             41	  1.591642e-009
           41.5	  1.821656e-009
             42	  1.872889e-009
           42.5	  1.643128e-009
             43	  1.601997e-009
           43.5	  1.661262e-009
             44	  1.789657e-009
           44.5	  1.706898e-009
             45	  1.717454e-009
           45.5	  1.508629e-009
             46	  1.481942e-009
           46.5	   1.65424e-009
             47	   1.36292e-009
           47.5	  1.316755e-009
             48	  1.295445e-009
           48.5	  1.274721e-009
             49	  1.346078e-009
           49.5	  1.303555e-009
             50	  1.519157e-009
           50.5	  1.397013e-009
             51	  1.316959e-009
           51.5	  1.294558e-009
             52	  1.196057e-009
           52.5	  1.105363e-009
             53	  1.096991e-009
           53.5	  1.227331e-009
             54	  1.127899e-009
           54.5	  1.063597e-009
             55	  1.134949e-009
           55.5	  1.257745e-009
             56	  1.082997e-009
           56.5	  1.030704e-009
             57	  9.917808e-010
           57.5	   1.05336e-009
             58	  1.080927e-009
           58.5	  1.191005e-009
             59	  9.546862e-010
           59.5	  9.857521e-010
             60	  9.412112e-010
           60.5	   1.04073e-009
             61	  9.250693e-010
           61.5	  8.449764e-010
             62	  8.178462e-010
           62.5	  9.040735e-010
             63	  8.921492e-010
           63.5	  9.454573e-010
             64	  9.623086e-010
           64.5	  1.023159e-009
             65	  9.147739e-010
           65.5	  8.442823e-010
             66	  9.026576e-010
           66.5	  8.801284e-010
             67	  7.695461e-010
           67.5	  7.486031e-010
             68	  7.297474e-010
           68.5	  8.747926e-010
             69	  8.865647e-010
           69.5	  7.944403e-010
             70	  7.897051e-010
           70.5	  7.827722e-010
             71	  8.672423e-010
           71.5	  8.412702e-010
             72	  8.416325e-010
           72.5	   8.49142e-010
             73	  7.887841e-010
           73.5	  8.196741e-010
             74	  7.407549e-010
           74.5	   7.29542e-010
             75	  7.715632e-010
           75.5	  6.799949e-010
             76	  6.382461e-010
           76.5	  7.436391e-010
             77	  7.379963e-010
           77.5	  7.033739e-010
             78	  6.707073e-010
           78.5	  6.078602e-010
             79	  6.384502e-010
           79.5	  7.044608e-010
             80	  6.674727e-010
           80.5	  6.787045e-010
             81	  7.003421e-010
           81.5	  7.652797e-010
             82	  6.989782e-010
           82.5	  6.747686e-010
             83	  5.641266e-010
           83.5	  5.791421e-010
             84	  6.105378e-010
           84.5	  5.431946e-010
             85	  6.115073e-010
           85.5	  6.530943e-010
             86	  7.113103e-010
           86.5	  6.728103e-010
             87	  6.006281e-010
           87.5	  6.107519e-010
             88	  5.763802e-010
           88.5	  5.943674e-010
             89	   6.20088e-010
           89.5	  6.106852e-010
             90	  5.515028e-010
           90.5	  5.045646e-010
             91	  6.071279e-010
           91.5	  5.938819e-010
             92	  5.036875e-010
           92.5	  4.882295e-010
             93	   5.22775e-010
           93.5	  6.065223e-010
             94	  6.016104e-010
           94.5	  6.560756e-010
             95	  6.767992e-010
           95.5	   5.87643e-010
             96	  5.257468e-010
           96.5	  4.925946e-010
             97	  4.752473e-010
           97.5	  4.884677e-010
             98	  5.174209e-010
           98.5	  5.444494e-010
             99	  5.510786e-010
           99.5	  5.258237e-010
            100	  5.453315e-010
          100.5	   5.11604e-010
            101	  4.555688e-010
          101.5	  5.438137e-010
            102	  5.093919e-010
          102.5	    5.5941e-010
            103	  6.507881e-010
          103.5	  7.423289e-010
            104	  6.399989e-010
          104.5	  5.642338e-010
            105	   6.49159e-010
          105.5	  6.376275e-010
            106	  6.627398e-010
          106.5	   7.48006e-010
            107	  8.565356e-010
          107.5	  8.232824e-010
            108	  8.090157e-010
          108.5	  8.295478e-010
            109	  8.206906e-010
          109.5	  9.185253e-010
            110	  9.041598e-010
          110.5	  7.507311e-010
            111	  7.320561e-010
          111.5	  7.715829e-010
            112	  8.238106e-010
          112.5	  8.753431e-010
            113	  8.688023e-010
          113.5	  9.368937e-010
            114	  8.554851e-010
          114.5	  8.669847e-010
            115	   8.15451e-010
          115.5	  7.753685e-010
            116	  7.443852e-010
          116.5	  6.986481e-010
            117	   6.19725e-010
          117.5	  6.676069e-010
            118	  6.333413e-010
          118.5	  5.901279e-010
            119	  6.762985e-010
          119.5	   5.90326e-010
            120	  5.394536e-010
          120.5	  4.783829e-010
            121	  4.252456e-010
          121.5	  4.343767e-010
            122	  3.923575e-010
          122.5	  4.140008e-010
            123	  3.823063e-010
          123.5	  3.874939e-010
            124	  3.835547e-010
          124.5	  4.517934e-010
            125	  4.028635e-010
          125.5	  3.890664e-010
            126	  4.296825e-010
          126.5	  3.855384e-010
            127	  4.129137e-010
          127.5	  3.607301e-010
            128	  3.182373e-010
          128.5	  3.746241e-010
            129	  3.816469e-010
          129.5	  3.487964e-010
            130	  3.439424e-010
          130.5	  3.684001e-010
            131	  3.635997e-010
          131.5	   3.72496e-010
            132	  3.435197e-010
          132.5	  3.286957e-010
            133	  3.676372e-010
          133.5	  3.728921e-010
            134	  3.321866e-010
          134.5	   3.66033e-010
            135	  3.260622e-010
          135.5	  3.074011e-010
            136	  3.671592e-010
          136.5	  3.686391e-010
            137	  3.164769e-010
          137.5	  2.849745e-010
            138	  2.918445e-010
          138.5	   3.19899e-010
            139	  2.752439e-010
          139.5	  3.121458e-010
            140	  3.205482e-010
          140.5	    2.9429e-010
            141	  3.173585e-010
          141.5	  3.142779e-010
            142	  2.767167e-010
          142.5	  2.846018e-010
            143	  2.613591e-010
          143.5	  2.535894e-010
            144	  2.490729e-010
          144.5	  3.137046e-010
            145	  3.109822e-010
          145.5	  2.895923e-010
            146	  3.220299e-010
          146.5	  3.172291e-010
            147	   2.67817e-010
          147.5	  2.669537e-010
            148	    2.8355e-010
          148.5	  2.703098e-010
            149	  2.527459e-010
          149.5	  2.721156e-010
            150	  2.710213e-010
          150.5	  2.494777e-010
            151	  2.525907e-010
          151.5	  2.542127e-010
            152	  2.947591e-010
          152.5	  3.203792e-010
            153	  3.041672e-010
          153.5	  3.112202e-010
            154	   3.05653e-010
          154.5	  3.088807e-010
            155	  2.854977e-010
          155.5	  2.547027e-010
            156	  2.377396e-010
          156.5	  2.472404e-010
            157	  2.383421e-010
          157.5	  2.020555e-010
            158	   2.36914e-010
          158.5	  2.428552e-010
            159	  2.742359e-010
          159.5	  2.628095e-010
            160	  2.405577e-010
          160.5	  2.302257e-010
            161	  2.532052e-010
          161.5	  2.759691e-010
            162	  2.760135e-010
          162.5	   2.79945e-010
            163	  2.783604e-010
          163.5	  2.871981e-010
            164	  2.696701e-010
          164.5	  2.388352e-010
            165	   2.69383e-010
          165.5	  2.843057e-010
            166	  2.879834e-010
          166.5	  2.705768e-010
            167	  2.709067e-010
          167.5	  2.713229e-010
            168	  2.732347e-010
          168.5	  2.373583e-010
            169	  2.076632e-010
          169.5	  2.045821e-010
            170	  2.194707e-010
          170.5	  2.633798e-010
            171	  2.416287e-010
          171.5	  2.376397e-010
            172	  2.305485e-010
          172.5	  2.449141e-010
            173	  2.437365e-010
          173.5	  2.240205e-010
            174	  2.206612e-010
          174.5	  2.158755e-010
            175	  2.075749e-010
          175.5	  2.164627e-010
            176	  2.364383e-010
          176.5	   2.44178e-010
            177	  2.399805e-010
          177.5	  2.269077e-010
            178	  2.251141e-010
          178.5	  2.018583e-010
            179	  2.074881e-010
          179.5	  2.140374e-010
            180	   2.08684e-010
          180.5	  2.196836e-010
            181	  2.044307e-010
          181.5	  2.228572e-010
            182	  2.329907e-010
          182.5	  2.269164e-010
            183	  2.274117e-010
          183.5	  2.216557e-010
            184	  2.233471e-010
          184.5	  2.103192e-010
            185	  2.063929e-010
          185.5	  2.387654e-010
            186	  2.082608e-010
          186.5	  2.318331e-010
            187	  2.203179e-010
          187.5	  2.039379e-010
            188	   2.25613e-010
          188.5	  2.198133e-010
            189	  2.368847e-010
          189.5	  2.094479e-010
            190	  1.968197e-010
          190.5	  2.013201e-010
            191	  2.076932e-010
          191.5	  1.948893e-010
            192	  1.822978e-010
          192.5	  2.161563e-010
            193	  2.018464e-010
          193.5	   1.93592e-010
            194	  1.976072e-010
          194.5	  2.117083e-010
            195	  2.052935e-010
          195.5	  2.022296e-010
            196	  2.008945e-010
          196.5	    2.1418e-010
            197	   2.27081e-010
          197.5	  2.077776e-010
            198	  2.073491e-010
          198.5	  1.959016e-010
            199	  1.790347e-010
          199.5	  1.916275e-010
            200	   1.71769e-010
          200.5	  1.671949e-010
            201	  1.651169e-010
          201.5	  1.744522e-010
            202	  2.031782e-010
          202.5	  1.896916e-010
            203	  1.778403e-010
          203.5	  1.796145e-010
            204	  1.619891e-010
          204.5	  1.485941e-010
            205	  1.724152e-010
          205.5	  1.890691e-010
            206	  1.918983e-010
          206.5	  1.729823e-010
            207	  1.582741e-010
          207.5	  1.637145e-010
            208	  1.755711e-010
          208.5	  1.702196e-010
            209	    1.8544e-010
          209.5	  1.915307e-010
            210	  1.623466e-010
          210.5	  1.566751e-010
            211	  1.756015e-010
          211.5	  1.887327e-010
            212	  1.964049e-010
          212.5	  1.652465e-010
            213	  1.543688e-010
          213.5	  1.773248e-010
            214	  1.746626e-010
          214.5	  1.704093e-010
            215	  1.830365e-010
          215.5	  1.622677e-010
            216	  1.420888e-010
          216.5	  1.592022e-010
            217	  1.738252e-010
          217.5	  1.639895e-010
            218	  1.527945e-010
          218.5	  1.648612e-010
            219	  1.612638e-010
          219.5	  1.628132e-010
            220	  1.602615e-010
          220.5	  1.595196e-010
            221	  1.513805e-010
          221.5	   1.59017e-010
            222	  1.543494e-010
          222.5	  1.671799e-010
            223	  1.890102e-010
          223.5	  1.832009e-010
            224	  1.610335e-010
          224.5	  1.669935e-010
            225	  1.497978e-010
          225.5	  1.527809e-010
            226	   1.40894e-010
          226.5	  1.484335e-010
            227	   1.57703e-010
          227.5	  1.601751e-010
            228	  1.470903e-010
          228.5	  1.691443e-010
            229	    1.5496e-010
          229.5	  1.504408e-010
            230	  1.651003e-010
          230.5	  1.411044e-010
            231	  1.510433e-010
          231.5	  1.619068e-010
            232	  1.699756e-010
          232.5	   1.63266e-010
            233	  1.738689e-010
          233.5	  1.510832e-010
            234	  1.452362e-010
          234.5	  1.501966e-010
            235	  1.519477e-010
          235.5	  1.538216e-010
            236	  1.493976e-010
          236.5	  1.383928e-010
            237	  1.458175e-010
          237.5	  1.587057e-010
            238	  1.391263e-010
          238.5	  1.444984e-010
            239	  1.519561e-010
          239.5	  1.490971e-010
            240	  1.384186e-010
          240.5	  1.516539e-010
            241	  1.464927e-010
          241.5	  1.347242e-010
            242	  1.474274e-010
          242.5	  1.534749e-010
            243	  1.318965e-010
          243.5	  1.236283e-010
            244	  1.359579e-010
          244.5	  1.311653e-010
            245	  1.365915e-010
          245.5	  1.458856e-010
            246	  1.503801e-010
          246.5	  1.577102e-010
            247	  1.641386e-010
          247.5	  1.576843e-010
            248	  1.405135e-010
          248.5	  1.434479e-010
            249	  1.459298e-010
          249.5	  1.321666e-010
            250	  1.391559e-010
          250.5	  1.483514e-010
            251	  1.402604e-010
          251.5	  1.352505e-010
            252	  1.492186e-010
          252.5	  1.573026e-010
            253	  1.499153e-010
          253.5	  1.415112e-010
            254	  1.317897e-010
          254.5	  1.318947e-010
            255	  1.337336e-010
          255.5	  1.231683e-010
            256	  1.231714e-010
          256.5	  1.351268e-010
            257	   1.34979e-010
          257.5	  1.460356e-010
            258	  1.432284e-010
          258.5	  1.337306e-010
            259	  1.395503e-010
          259.5	  1.303747e-010
            260	  1.447464e-010
          260.5	  1.547419e-010
            261	  1.434819e-010
          261.5	  1.395099e-010
            262	  1.259039e-010
          262.5	  1.157926e-010
            263	  1.280851e-010
          263.5	   1.36769e-010
            264	  1.337046e-010
          264.5	  1.356396e-010
            265	  1.453183e-010
          265.5	    1.3403e-010
            266	  1.282135e-010
          266.5	  1.314315e-010
            267	  1.299588e-010
          267.5	  1.290735e-010
            268	   1.28091e-010
          268.5	  1.238748e-010
            269	  1.135668e-010
          269.5	  1.106436e-010
            270	  1.313919e-010
          270.5	  1.235673e-010
            271	  1.157745e-010
          271.5	   1.04708e-010
            272	  1.258207e-010
          272.5	  1.477564e-010
            273	  1.426914e-010
          273.5	  1.540576e-010
            274	  1.318115e-010
          274.5	  1.183138e-010
            275	  1.226117e-010
          275.5	  1.391825e-010
            276	  1.363999e-010
          276.5	  1.231696e-010
            277	  1.388722e-010
          277.5	  1.114018e-010
            278	  9.816359e-011
          278.5	  1.134802e-010
            279	  1.222539e-010
          279.5	    1.2842e-010
            280	  1.225674e-010
          280.5	  1.334644e-010
            281	  1.287673e-010
          281.5	   1.22687e-010
            282	   1.22881e-010
          282.5	   1.20286e-010
            283	  1.121527e-010
          283.5	   9.70343e-011
            284	  1.097466e-010
          284.5	  1.167442e-010
            285	  1.249654e-010
          285.5	  1.331695e-010
            286	  1.281823e-010
          286.5	  1.086845e-010
            287	  1.150642e-010
          287.5	  1.393756e-010
            288	  1.186929e-010
          288.5	  1.065267e-010
            289	  1.093529e-010
          289.5	  1.175545e-010
            290	  1.280955e-010
          290.5	  1.345174e-010
            291	  1.200682e-010
          291.5	  9.333543e-011
            292	  9.870665e-011
          292.5	   1.10938e-010
            293	  1.087621e-010
          293.5	  1.080571e-010
            294	  1.144805e-010
          294.5	  1.181058e-010
            295	   1.10164e-010
          295.5	  1.121382e-010
            296	  9.710982e-011
          296.5	     9.842e-011
            297	  9.931701e-011
          297.5	  1.086252e-010
            298	  1.234351e-010
          298.5	  1.258728e-010
            299	  1.095431e-010
          299.5	  1.042723e-010
            300	  1.123737e-010
          300.5	   1.19863e-010
            301	  1.383315e-010
          301.5	  1.252227e-010
            302	  1.035398e-010
          302.5	   1.03731e-010
            303	  1.160577e-010
          303.5	  1.149848e-010
            304	  1.102579e-010
          304.5	  1.064568e-010
            305	  9.805765e-011
          305.5	  1.061471e-010
            306	   1.04071e-010
          306.5	   1.03327e-010
            307	  1.029253e-010
          307.5	  1.206228e-010
            308	  1.258839e-010
          308.5	   1.23029e-010
            309	  1.097084e-010
          309.5	  1.206129e-010
            310	  1.147354e-010
          310.5	  1.140633e-010
            311	  1.027488e-010
          311.5	  8.617403e-011
            312	  9.176412e-011
          312.5	  1.011109e-010
            313	  1.058019e-010
          313.5	  1.070182e-010
            314	  9.639452e-011
          314.5	  9.449191e-011
            315	  9.743456e-011
          315.5	  9.358268e-011
            316	  9.987998e-011
          316.5	  1.181383e-010
            317	  1.169097e-010
          317.5	  1.053437e-010
            318	  1.119205e-010
          318.5	  1.054194e-010
            319	  1.143635e-010
          319.5	  1.119535e-010
            320	  1.308685e-010
          320.5	  1.156358e-010
            321	  1.009072e-010
          321.5	  9.502309e-011
            322	  9.009619e-011
          322.5	  9.783506e-011
            323	  9.579099e-011
          323.5	  1.056922e-010
            324	  1.068709e-010
          324.5	  9.804891e-011
            325	   1.05097e-010
          325.5	  1.009996e-010
            326	  9.065704e-011
          326.5	   1.07457e-010
            327	  1.112872e-010
          327.5	  1.077207e-010
            328	  1.049636e-010
          328.5	  1.040463e-010
            329	  9.792826e-011
          329.5	  1.149975e-010
            330	  1.071474e-010
          330.5	   1.04071e-010
            331	  9.980776e-011
          331.5	   1.10306e-010
            332	  1.033901e-010
          332.5	  9.368446e-011
            333	  9.940359e-011
          333.5	   8.85886e-011
            334	  9.780267e-011
          334.5	  1.019092e-010
            335	  9.666753e-011
          335.5	  1.042581e-010
            336	  1.011296e-010
          336.5	  9.744555e-011
            337	  1.042306e-010
          337.5	  9.479099e-011
            338	  8.332589e-011
          338.5	  8.425267e-011
            339	  9.373702e-011
          339.5	  9.647413e-011
            340	  9.496604e-011
          340.5	  1.031987e-010
            341	  1.023526e-010
          341.5	  1.072471e-010
            342	   1.09436e-010
          342.5	  9.587458e-011
            343	  8.677066e-011
          343.5	  9.743609e-011
            344	  9.041891e-011
          344.5	  8.300551e-011
            345	   1.00936e-010
          345.5	  1.037289e-010
            346	  1.042913e-010
          346.5	  1.033522e-010
            347	  9.991767e-011
          347.5	  9.298002e-011
            348	  9.491493e-011
          348.5	  9.593591e-011
            349	   8.37729e-011
          349.5	  8.736364e-011
            350	  8.955748e-011
          350.5	  9.550995e-011
            351	  9.028814e-011
          351.5	  9.202036e-011
            352	  8.854804e-011
          352.5	  9.139852e-011
            353	  9.603243e-011
          353.5	  8.538605e-011
            354	  9.105321e-011
          354.5	  1.062921e-010
            355	  9.645022e-011
          355.5	  7.785445e-011
            356	  7.623918e-011
          356.5	  7.553058e-011
            357	  8.221515e-011
          357.5	  9.287081e-011
            358	  9.557193e-011
          358.5	  9.899206e-011
            359	  8.679719e-011
          359.5	  9.863842e-011
            360	  8.478563e-011
          360.5	  7.608222e-011
            361	  8.310082e-011
          361.5	   8.25242e-011
            362	  8.328343e-011
          362.5	  9.924676e-011
            363	  1.046986e-010
          363.5	  9.321374e-011
            364	  9.535091e-011
          364.5	  8.835873e-011
            365	  9.530565e-011
          365.5	  8.761421e-011
            366	  8.868866e-011
          366.5	  9.444483e-011
            367	  8.340202e-011
          367.5	  8.193244e-011
            368	   8.16186e-011
          368.5	  8.862147e-011
            369	   8.65254e-011
          369.5	  8.466233e-011
            370	     8.441e-011
          370.5	  7.539032e-011
            371	  8.974806e-011
          371.5	  8.818531e-011
            372	  7.456624e-011
          372.5	  7.300592e-011
            373	  6.919788e-011
          373.5	  7.448987e-011
            374	  8.285642e-011
          374.5	  8.816749e-011
            375	  1.018466e-010
          375.5	  8.957379e-011
            376	  7.547407e-011
          376.5	  8.296188e-011
            377	  7.873317e-011
          377.5	  7.937644e-011
            378	  8.127127e-011
          378.5	  8.916763e-011
            379	  8.582936e-011
          379.5	  7.335724e-011
            380	  7.769732e-011
          380.5	  8.380834e-011
            381	  8.155804e-011
          381.5	   8.55136e-011
            382	  8.673661e-011
          382.5	  8.468787e-011
            383	  8.216026e-011
          383.5	  8.286585e-011
            384	  9.226957e-011
          384.5	  8.777074e-011
            385	  8.020106e-011
          385.5	  7.543224e-011
            386	  7.993828e-011
          386.5	  8.954113e-011
            387	  8.943693e-011
          387.5	  7.754967e-011
            388	  8.126557e-011
          388.5	  6.761087e-011
            389	  7.435347e-011
          389.5	  8.980921e-011
            390	  8.300566e-011
          390.5	  7.084241e-011
            391	  7.882518e-011
          391.5	  8.526016e-011
            392	   7.57396e-011
          392.5	  6.908545e-011
            393	  7.747952e-011
          393.5	  8.924517e-011
            394	  8.626692e-011
          394.5	  7.246351e-011
            395	   7.72869e-011
          395.5	  7.821287e-011
            396	  7.882981e-011
          396.5	  7.286152e-011
            397	  7.876846e-011
          397.5	  8.145805e-011
            398	  8.416151e-011
          398.5	  8.261639e-011
            399	  8.135798e-011
          399.5	  7.119023e-011
            400	  7.151394e-011
