Sig Name	G1, 1
Format	Mag	Scaling	EUrms
Chan	1
Chan Name	I1
Point	0 -Z
Ref Point	0 -Z

Hz	in/s
              0	              0
            0.5	  1.998118e-005
              1	  4.468168e-007
            1.5	  2.133023e-007
              2	   1.39375e-007
            2.5	    1.1987e-007
              3	  9.011362e-008
            3.5	  6.414161e-008
              4	  4.844494e-008
            4.5	  4.159706e-008
              5	  4.254862e-008
            5.5	  3.766477e-008
              6	  3.190169e-008
            6.5	  2.138897e-008
              7	  2.148289e-008
            7.5	  1.863632e-008
              8	  1.759154e-008
            8.5	  1.669332e-008
              9	  1.638855e-008
            9.5	  1.642979e-008
             10	  1.425481e-008
           10.5	  1.476754e-008
             11	  1.241682e-008
           11.5	  9.767509e-009
             12	  9.232797e-009
           12.5	   9.54977e-009
             13	  9.042497e-009
           13.5	  9.031114e-009
             14	  9.056436e-009
           14.5	  8.085831e-009
             15	  7.519392e-009
           15.5	  6.940393e-009
             16	  7.145372e-009
           16.5	  7.046834e-009
             17	  6.208212e-009
           17.5	  6.007611e-009
             18	  5.535609e-009
           18.5	  5.884792e-009
             19	  5.699111e-009
           19.5	  4.858614e-009
             20	  4.930315e-009
           20.5	  4.969266e-009
             21	  4.692455e-009
           21.5	  4.411385e-009
             22	  3.983716e-009
           22.5	  3.860566e-009
             23	  4.287223e-009
           23.5	  4.364826e-009
             24	  4.371889e-009
           24.5	  3.862795e-009
             25	  3.722577e-009
           25.5	   3.66887e-009
             26	  3.964939e-009
           26.5	  3.890048e-009
             27	  3.454951e-009
           27.5	  3.115506e-009
             28	  2.855061e-009
           28.5	  2.475401e-009
             29	  2.844797e-009
           29.5	  2.448162e-009
             30	  2.438016e-009
           30.5	  2.768449e-009
             31	  2.518215e-009
           31.5	  2.354969e-009
             32	  2.308683e-009
           32.5	  2.211206e-009
             33	  2.010305e-009
           33.5	  2.209844e-009
             34	  2.157647e-009
           34.5	  1.996898e-009
             35	  2.142501e-009
           35.5	  2.097913e-009
             36	  2.029561e-009
           36.5	  2.104242e-009
             37	   2.02043e-009
           37.5	  1.754492e-009
             38	  1.893069e-009
           38.5	  2.249838e-009
             39	  2.077286e-009
           39.5	   1.89121e-009
             40	   1.87043e-009
           40.5	  1.933524e-009
             41	  1.640002e-009
           41.5	  1.485699e-009
             42	  1.601622e-009
           42.5	  1.690463e-009
             43	  1.455915e-009
           43.5	  1.624141e-009
             44	  1.733603e-009
           44.5	  1.471622e-009
             45	  1.418099e-009
           45.5	  1.330773e-009
             46	   1.33408e-009
           46.5	  1.571466e-009
             47	  1.483854e-009
           47.5	  1.370765e-009
             48	  1.503893e-009
           48.5	  1.532408e-009
             49	  1.404029e-009
           49.5	  1.256665e-009
             50	  1.484712e-009
           50.5	  1.516677e-009
             51	   1.10748e-009
           51.5	  1.132783e-009
             52	  1.200172e-009
           52.5	  1.215125e-009
             53	  1.051663e-009
           53.5	  9.656478e-010
             54	  9.929496e-010
           54.5	   1.17027e-009
             55	  1.119307e-009
           55.5	  1.064607e-009
             56	  1.261277e-009
           56.5	  1.246098e-009
             57	  9.693709e-010
           57.5	  8.703703e-010
             58	  9.496991e-010
           58.5	  9.955106e-010
             59	  1.067106e-009
           59.5	  3.312019e-009
             60	  6.323266e-009
           60.5	  3.246398e-009
             61	   1.06976e-009
           61.5	  8.443483e-010
             62	  8.801176e-010
           62.5	  9.485367e-010
             63	  9.483277e-010
           63.5	  1.008838e-009
             64	  9.430886e-010
           64.5	  9.389399e-010
             65	  9.497347e-010
           65.5	  8.981589e-010
             66	   9.63813e-010
           66.5	  9.838866e-010
             67	  9.596649e-010
           67.5	   8.65666e-010
             68	  7.048872e-010
           68.5	  6.858463e-010
             69	  6.973134e-010
           69.5	  7.676433e-010
             70	  8.595478e-010
           70.5	  7.701517e-010
             71	  7.205351e-010
           71.5	  7.828507e-010
             72	  7.502218e-010
           72.5	  8.347108e-010
             73	  8.455686e-010
           73.5	   7.35895e-010
             74	  6.439327e-010
           74.5	  7.241566e-010
             75	  7.494899e-010
           75.5	  6.725242e-010
             76	  6.226964e-010
           76.5	  7.330167e-010
             77	  6.960522e-010
           77.5	  7.558987e-010
             78	  6.972591e-010
           78.5	  5.563695e-010
             79	  6.512175e-010
           79.5	  7.213438e-010
             80	  7.077132e-010
           80.5	  6.308051e-010
             81	  6.334347e-010
           81.5	    7.5551e-010
             82	  6.800925e-010
           82.5	   5.97241e-010
             83	  6.112063e-010
           83.5	  6.458243e-010
             84	  7.001832e-010
           84.5	  6.266931e-010
             85	   5.72892e-010
           85.5	  6.120627e-010
             86	  6.330508e-010
           86.5	  6.095333e-010
             87	   5.29254e-010
           87.5	  5.608193e-010
             88	  5.536518e-010
           88.5	  5.644699e-010
             89	   7.17694e-010
           89.5	  7.138268e-010
             90	  7.100931e-010
           90.5	  7.088099e-010
             91	  6.134486e-010
           91.5	  5.006512e-010
             92	  5.566047e-010
           92.5	  5.694937e-010
             93	  5.596175e-010
           93.5	  6.141297e-010
             94	   5.70662e-010
           94.5	  5.482459e-010
             95	  5.195791e-010
           95.5	  4.874302e-010
             96	  4.915053e-010
           96.5	  4.464139e-010
             97	   4.75262e-010
           97.5	  4.956023e-010
             98	  5.332533e-010
           98.5	  5.094282e-010
             99	  4.940366e-010
           99.5	  5.212428e-010
            100	  5.618581e-010
          100.5	  5.153105e-010
            101	  5.160898e-010
          101.5	   4.57661e-010
            102	  4.512742e-010
          102.5	  4.611692e-010
            103	  4.939278e-010
          103.5	  4.942576e-010
            104	  4.972907e-010
          104.5	   4.84951e-010
            105	  4.975961e-010
          105.5	  4.991252e-010
            106	  4.522462e-010
          106.5	   5.08944e-010
            107	  4.805391e-010
          107.5	    4.4032e-010
            108	  4.370575e-010
          108.5	   4.15677e-010
            109	  5.054974e-010
          109.5	  5.066365e-010
            110	  4.432975e-010
          110.5	  4.739746e-010
            111	   4.58385e-010
          111.5	  4.429981e-010
            112	  4.329303e-010
          112.5	  3.651501e-010
            113	  3.723231e-010
          113.5	  4.291761e-010
            114	  4.424997e-010
          114.5	  3.979969e-010
            115	  4.364953e-010
          115.5	  3.888575e-010
            116	  3.921306e-010
          116.5	  4.234458e-010
            117	  4.021579e-010
          117.5	  4.192457e-010
            118	  4.940781e-010
          118.5	  4.201195e-010
            119	  3.629797e-010
          119.5	  3.679553e-010
            120	  3.624369e-010
          120.5	  3.958265e-010
            121	  4.257112e-010
          121.5	  3.742018e-010
            122	  3.581237e-010
          122.5	  3.774637e-010
            123	  4.030786e-010
          123.5	   3.33804e-010
            124	  3.173146e-010
          124.5	  3.845649e-010
            125	  4.478823e-010
          125.5	  4.051847e-010
            126	  3.536977e-010
          126.5	  3.463068e-010
            127	  3.376063e-010
          127.5	  3.579363e-010
            128	  3.414363e-010
          128.5	  3.768421e-010
            129	  4.193495e-010
          129.5	  4.238607e-010
            130	  4.422612e-010
          130.5	   4.52225e-010
            131	  4.201912e-010
          131.5	  4.222867e-010
            132	  4.220286e-010
          132.5	  4.185206e-010
            133	  4.239512e-010
          133.5	   4.14497e-010
            134	  3.977179e-010
          134.5	  4.659847e-010
            135	  4.906362e-010
          135.5	  4.409994e-010
            136	   5.45659e-010
          136.5	  6.183546e-010
            137	  5.460623e-010
          137.5	  5.953585e-010
            138	  5.220392e-010
          138.5	  5.189439e-010
            139	  5.412512e-010
          139.5	   6.57448e-010
            140	  6.106464e-010
          140.5	  6.229333e-010
            141	  6.460528e-010
          141.5	  6.057914e-010
            142	   5.86511e-010
          142.5	  5.910674e-010
            143	  5.849735e-010
          143.5	   6.10282e-010
            144	  5.039036e-010
          144.5	  4.984658e-010
            145	  6.297372e-010
          145.5	  6.547581e-010
            146	  6.560806e-010
          146.5	  6.418786e-010
            147	  5.685241e-010
          147.5	  4.748955e-010
            148	    5.2508e-010
          148.5	  5.874097e-010
            149	  5.640661e-010
          149.5	  4.377648e-010
            150	  3.950763e-010
          150.5	  4.509366e-010
            151	  4.957152e-010
          151.5	  4.619933e-010
            152	  3.839233e-010
          152.5	  3.625296e-010
            153	   3.54291e-010
          153.5	  3.877427e-010
            154	  3.615431e-010
          154.5	  3.185573e-010
            155	  2.968692e-010
          155.5	  3.096687e-010
            156	  3.277656e-010
          156.5	  2.731772e-010
            157	  2.818235e-010
          157.5	  2.700498e-010
            158	  2.564262e-010
          158.5	  2.640106e-010
            159	  2.520466e-010
          159.5	  2.372758e-010
            160	  2.405252e-010
          160.5	  2.636287e-010
            161	  2.468206e-010
          161.5	  2.627019e-010
            162	  2.798906e-010
          162.5	  2.390581e-010
            163	  2.219951e-010
          163.5	  2.316972e-010
            164	  2.317131e-010
          164.5	   2.46929e-010
            165	  2.407529e-010
          165.5	  2.412171e-010
            166	  2.648476e-010
          166.5	  2.519397e-010
            167	  2.449062e-010
          167.5	  2.618009e-010
            168	   2.45663e-010
          168.5	  2.542268e-010
            169	  2.379231e-010
          169.5	  2.777827e-010
            170	  2.355753e-010
          170.5	  2.429725e-010
            171	  2.640415e-010
          171.5	  2.252546e-010
            172	  2.227388e-010
          172.5	  2.536949e-010
            173	  2.468936e-010
          173.5	  2.466262e-010
            174	  2.187056e-010
          174.5	  2.460788e-010
            175	  2.443703e-010
          175.5	  2.497305e-010
            176	  2.282991e-010
          176.5	  2.199806e-010
            177	  2.425852e-010
          177.5	  2.598861e-010
            178	  2.326024e-010
          178.5	  2.131353e-010
            179	  2.009352e-010
          179.5	  2.541834e-010
            180	  2.338439e-010
          180.5	   2.11922e-010
            181	  2.392795e-010
          181.5	  2.367435e-010
            182	  2.390384e-010
          182.5	  1.916958e-010
            183	  1.963538e-010
          183.5	  2.145919e-010
            184	  2.009559e-010
          184.5	  2.048676e-010
            185	  1.908293e-010
          185.5	  2.288178e-010
            186	  2.536504e-010
          186.5	  2.230607e-010
            187	     2.295e-010
          187.5	   2.01165e-010
            188	  2.173172e-010
          188.5	  2.433548e-010
            189	   2.34697e-010
          189.5	  2.122073e-010
            190	  2.080645e-010
          190.5	  2.285989e-010
            191	  2.404556e-010
          191.5	  2.437327e-010
            192	   2.28066e-010
          192.5	   2.38669e-010
            193	   2.25407e-010
          193.5	   2.29478e-010
            194	  2.100647e-010
          194.5	  2.010533e-010
            195	   2.06675e-010
          195.5	  1.920299e-010
            196	  2.065386e-010
          196.5	  2.083193e-010
            197	  1.825772e-010
          197.5	  1.975108e-010
            198	  1.949201e-010
          198.5	  1.939097e-010
            199	  1.847818e-010
          199.5	  1.942896e-010
            200	  1.748571e-010
          200.5	   1.86024e-010
            201	  1.819586e-010
          201.5	  2.015154e-010
            202	  1.851646e-010
          202.5	  1.919587e-010
            203	  1.833833e-010
          203.5	    1.7518e-010
            204	  1.831785e-010
          204.5	  1.844731e-010
            205	  1.652379e-010
          205.5	   1.66299e-010
            206	  1.886785e-010
          206.5	  2.202252e-010
            207	  1.987937e-010
          207.5	  1.820809e-010
            208	  1.802398e-010
          208.5	  1.841817e-010
            209	  1.937249e-010
          209.5	   1.60873e-010
            210	  1.754859e-010
          210.5	  1.870412e-010
            211	   1.83258e-010
          211.5	  2.252743e-010
            212	  2.120115e-010
          212.5	  1.622433e-010
            213	   1.65133e-010
          213.5	  1.708158e-010
            214	  1.555169e-010
          214.5	  1.823301e-010
            215	  1.797118e-010
          215.5	  1.779633e-010
            216	  1.688916e-010
          216.5	  1.714156e-010
            217	  1.566223e-010
          217.5	  1.729509e-010
            218	  1.851898e-010
          218.5	  1.746341e-010
            219	  1.801297e-010
          219.5	   1.84738e-010
            220	  1.758455e-010
          220.5	  1.449207e-010
            221	  1.739162e-010
          221.5	  1.699816e-010
            222	  1.670036e-010
          222.5	  1.611235e-010
            223	   1.65018e-010
          223.5	  1.502648e-010
            224	  1.375453e-010
          224.5	  1.774725e-010
            225	  1.889529e-010
          225.5	  1.818601e-010
            226	  1.822864e-010
          226.5	   1.54864e-010
            227	  1.583787e-010
          227.5	  1.631308e-010
            228	  1.603054e-010
          228.5	  1.673843e-010
            229	  1.593705e-010
          229.5	  1.365062e-010
            230	  1.355747e-010
          230.5	   1.34301e-010
            231	  1.358587e-010
          231.5	  1.458267e-010
            232	   1.52657e-010
          232.5	   1.31239e-010
            233	  1.279913e-010
          233.5	  1.571134e-010
            234	  1.522333e-010
          234.5	  1.972293e-010
            235	  1.909826e-010
          235.5	  1.680625e-010
            236	  1.653619e-010
          236.5	  1.556116e-010
            237	  1.543891e-010
          237.5	  1.466124e-010
            238	  1.580992e-010
          238.5	  1.552584e-010
            239	  1.622141e-010
          239.5	  1.534709e-010
            240	  1.417663e-010
          240.5	  1.553459e-010
            241	  1.514538e-010
          241.5	  1.470581e-010
            242	  1.599878e-010
          242.5	  1.702457e-010
            243	  1.735941e-010
          243.5	  1.508458e-010
            244	    1.3979e-010
          244.5	  1.273754e-010
            245	  1.225849e-010
          245.5	  1.594655e-010
            246	  1.599884e-010
          246.5	  1.678378e-010
            247	  1.609951e-010
          247.5	   1.42328e-010
            248	  1.387338e-010
          248.5	  1.526869e-010
            249	  1.347824e-010
          249.5	  1.370348e-010
            250	   1.36633e-010
          250.5	   1.24862e-010
            251	  1.254476e-010
          251.5	  1.356979e-010
            252	  1.329889e-010
          252.5	  1.460324e-010
            253	  1.438359e-010
          253.5	  1.367991e-010
            254	  1.580085e-010
          254.5	  1.640791e-010
            255	  1.562851e-010
          255.5	  1.570636e-010
            256	  1.658777e-010
          256.5	  1.390764e-010
            257	  1.365479e-010
          257.5	  1.322403e-010
            258	  1.387618e-010
          258.5	  1.572204e-010
            259	  1.459589e-010
          259.5	  1.294298e-010
            260	  1.481872e-010
          260.5	  1.445496e-010
            261	  1.310856e-010
          261.5	  1.350921e-010
            262	   1.45329e-010
          262.5	  1.380892e-010
            263	  1.410404e-010
          263.5	  1.541928e-010
            264	  1.570633e-010
          264.5	  1.385466e-010
            265	  1.280819e-010
          265.5	  1.171934e-010
            266	  1.304137e-010
          266.5	  1.299159e-010
            267	  1.298891e-010
          267.5	   1.25852e-010
            268	  1.246879e-010
          268.5	  1.423118e-010
            269	  1.358818e-010
          269.5	  1.148643e-010
            270	  1.262159e-010
          270.5	  1.340788e-010
            271	  1.368996e-010
          271.5	  1.279007e-010
            272	  1.182329e-010
          272.5	  1.274753e-010
            273	  1.311163e-010
          273.5	  1.244281e-010
            274	  1.326158e-010
          274.5	  1.329406e-010
            275	  1.277479e-010
          275.5	  1.239952e-010
            276	  1.170483e-010
          276.5	  1.264004e-010
            277	  1.179446e-010
          277.5	  1.190742e-010
            278	  1.275725e-010
          278.5	  1.081719e-010
            279	  1.188938e-010
          279.5	   1.41354e-010
            280	  1.214828e-010
          280.5	  1.179608e-010
            281	  1.261031e-010
          281.5	  1.276411e-010
            282	  1.260183e-010
          282.5	  1.245058e-010
            283	  1.147413e-010
          283.5	  1.177241e-010
            284	  1.126866e-010
          284.5	  1.266049e-010
            285	  1.370323e-010
          285.5	    1.4122e-010
            286	  1.223773e-010
          286.5	  1.186952e-010
            287	  1.317758e-010
          287.5	  1.296238e-010
            288	  1.360148e-010
          288.5	  1.311032e-010
            289	  1.223397e-010
          289.5	  1.249964e-010
            290	  1.221216e-010
          290.5	  1.241977e-010
            291	  1.125003e-010
          291.5	  1.087278e-010
            292	  1.285804e-010
          292.5	  1.259994e-010
            293	  1.233865e-010
          293.5	  1.253486e-010
            294	  1.287492e-010
          294.5	   1.13286e-010
            295	   1.11669e-010
          295.5	  1.071279e-010
            296	  1.064674e-010
          296.5	   1.12791e-010
            297	  1.179533e-010
          297.5	  1.204514e-010
            298	  1.263672e-010
          298.5	  1.289234e-010
            299	  1.163658e-010
          299.5	  1.230242e-010
            300	  1.544871e-010
          300.5	   1.15622e-010
            301	  1.100364e-010
          301.5	   1.05724e-010
            302	  1.018828e-010
          302.5	  1.107605e-010
            303	  1.206308e-010
          303.5	  1.205792e-010
            304	   1.13033e-010
          304.5	  1.154964e-010
            305	  1.040937e-010
          305.5	  1.010476e-010
            306	  1.079073e-010
          306.5	  1.058964e-010
            307	  9.807875e-011
          307.5	  1.026528e-010
            308	  1.171567e-010
          308.5	  1.238295e-010
            309	  9.465115e-011
          309.5	  1.105354e-010
            310	  1.254839e-010
          310.5	  1.288253e-010
            311	  1.261429e-010
          311.5	  1.163183e-010
            312	  1.094523e-010
          312.5	  1.123294e-010
            313	  9.381146e-011
          313.5	  9.790817e-011
            314	   1.07099e-010
          314.5	  1.053146e-010
            315	  9.122313e-011
          315.5	  8.722506e-011
            316	  1.014657e-010
          316.5	  1.137271e-010
            317	   1.22398e-010
          317.5	  1.151774e-010
            318	     1.132e-010
          318.5	  1.113531e-010
            319	  1.125313e-010
          319.5	  9.760535e-011
            320	  1.012877e-010
          320.5	  1.088335e-010
            321	  9.915484e-011
          321.5	   8.64083e-011
            322	  1.053992e-010
          322.5	  1.071914e-010
            323	  9.824081e-011
          323.5	   9.67171e-011
            324	  1.165582e-010
          324.5	  1.070037e-010
            325	  1.019369e-010
          325.5	  1.154536e-010
            326	  1.018241e-010
          326.5	   9.60069e-011
            327	   9.20961e-011
          327.5	  8.869696e-011
            328	  1.033802e-010
          328.5	  1.089413e-010
            329	  1.088166e-010
          329.5	  1.039262e-010
            330	  9.916132e-011
          330.5	  1.005957e-010
            331	  9.978156e-011
          331.5	  9.068968e-011
            332	  8.542277e-011
          332.5	  8.275707e-011
            333	  8.836404e-011
          333.5	   9.77306e-011
            334	  9.726907e-011
          334.5	  1.037822e-010
            335	  1.032982e-010
          335.5	  1.031712e-010
            336	  9.884511e-011
          336.5	  9.784287e-011
            337	  8.928306e-011
          337.5	  8.626923e-011
            338	   8.87168e-011
          338.5	  9.853671e-011
            339	  1.015078e-010
          339.5	  1.008857e-010
            340	  9.864972e-011
          340.5	  9.889717e-011
            341	  9.902256e-011
          341.5	  8.616082e-011
            342	  8.020803e-011
          342.5	  8.980888e-011
            343	  9.745781e-011
          343.5	  9.657089e-011
            344	  9.228092e-011
          344.5	  8.886143e-011
            345	  1.054731e-010
          345.5	  1.033581e-010
            346	  9.223411e-011
          346.5	  1.036965e-010
            347	  9.844119e-011
          347.5	  8.570507e-011
            348	  9.448714e-011
          348.5	  9.175341e-011
            349	  8.959635e-011
          349.5	  8.897808e-011
            350	   9.14054e-011
          350.5	  1.055554e-010
            351	  8.906959e-011
          351.5	  9.750473e-011
            352	  9.759456e-011
          352.5	  9.048842e-011
            353	   8.11186e-011
          353.5	  7.859864e-011
            354	   7.78224e-011
          354.5	  8.735337e-011
            355	  9.765692e-011
          355.5	  9.098255e-011
            356	  9.181615e-011
          356.5	  1.048615e-010
            357	  1.009014e-010
          357.5	  8.371971e-011
            358	  9.275425e-011
          358.5	  9.603618e-011
            359	  8.232495e-011
          359.5	  7.979667e-011
            360	  7.308867e-011
          360.5	  8.083977e-011
            361	   8.38123e-011
          361.5	  9.057812e-011
            362	  8.352282e-011
          362.5	   7.95092e-011
            363	  8.604656e-011
          363.5	  7.700911e-011
            364	  8.190514e-011
          364.5	  8.020335e-011
            365	  8.376515e-011
          365.5	  8.759934e-011
            366	  9.475383e-011
          366.5	  9.012512e-011
            367	  7.565405e-011
          367.5	  8.013285e-011
            368	  8.798721e-011
          368.5	  8.602109e-011
            369	  8.095643e-011
          369.5	  8.423165e-011
            370	  9.075241e-011
          370.5	  9.035805e-011
            371	  8.520257e-011
          371.5	  7.446387e-011
            372	   8.75698e-011
          372.5	  9.477965e-011
            373	    9.6682e-011
          373.5	  8.069479e-011
            374	  8.048449e-011
          374.5	  8.723775e-011
            375	  8.457499e-011
          375.5	  8.065157e-011
            376	  7.548406e-011
          376.5	    7.2436e-011
            377	  7.603058e-011
          377.5	  8.144443e-011
            378	  8.912223e-011
          378.5	  8.813374e-011
            379	   9.14008e-011
          379.5	  8.735363e-011
            380	  8.613518e-011
          380.5	  8.314399e-011
            381	  8.560588e-011
          381.5	  9.023238e-011
            382	   8.73673e-011
          382.5	  8.396564e-011
            383	  8.204049e-011
          383.5	   7.89298e-011
            384	  7.412265e-011
          384.5	  8.729736e-011
            385	  8.858924e-011
          385.5	  8.347585e-011
            386	  8.457568e-011
          386.5	  7.941929e-011
            387	  8.631248e-011
          387.5	  8.269089e-011
            388	  7.883245e-011
          388.5	  8.759341e-011
            389	  8.117781e-011
          389.5	   7.22836e-011
            390	  7.913096e-011
          390.5	  9.143068e-011
            391	  8.243989e-011
          391.5	  8.113534e-011
            392	  8.052924e-011
          392.5	  6.809703e-011
            393	  7.092897e-011
          393.5	  7.122298e-011
            394	  7.240663e-011
          394.5	   8.51541e-011
            395	  9.465594e-011
          395.5	  8.259671e-011
            396	  7.644452e-011
          396.5	   7.72654e-011
            397	  8.258717e-011
          397.5	  8.187645e-011
            398	  6.686147e-011
          398.5	  7.235881e-011
            399	  7.656294e-011
          399.5	  7.941516e-011
            400	  7.632269e-011
