Sig Name	G1, 1
Format	Mag	Scaling	EUrms
Chan	1
Chan Name	I1

Hz	in/s
              0	              0
            0.5	   3.55749e-005
              1	  4.874021e-007
            1.5	  2.529513e-007
              2	  1.443639e-007
            2.5	  1.058082e-007
              3	  7.928487e-008
            3.5	   6.76358e-008
              4	  5.507556e-008
            4.5	  3.905337e-008
              5	  3.366955e-008
            5.5	  3.049777e-008
              6	  2.910459e-008
            6.5	  2.476198e-008
              7	  2.231329e-008
            7.5	  2.066845e-008
              8	   1.75398e-008
            8.5	  1.806527e-008
              9	  1.656024e-008
            9.5	  1.326403e-008
             10	  1.414902e-008
           10.5	  1.451976e-008
             11	  1.160057e-008
           11.5	  1.093134e-008
             12	  1.018122e-008
           12.5	  9.627322e-009
             13	  9.931451e-009
           13.5	  8.823617e-009
             14	  7.723925e-009
           14.5	  6.871954e-009
             15	  7.101213e-009
           15.5	  7.112327e-009
             16	  7.082531e-009
           16.5	  6.606004e-009
             17	  6.165754e-009
           17.5	  5.572795e-009
             18	  5.149653e-009
           18.5	  5.103672e-009
             19	  5.603667e-009
           19.5	  5.891688e-009
             20	  5.603267e-009
           20.5	  5.561028e-009
             21	  5.775099e-009
           21.5	     4.891e-009
             22	  4.866237e-009
           22.5	  4.669924e-009
             23	  3.757392e-009
           23.5	  3.676339e-009
             24	  3.367877e-009
           24.5	  3.013736e-009
             25	  3.346148e-009
           25.5	  3.159017e-009
             26	  3.358381e-009
           26.5	  3.236185e-009
             27	  2.799543e-009
           27.5	  2.892211e-009
             28	  3.102941e-009
           28.5	  3.390741e-009
             29	  3.162512e-009
           29.5	  2.461564e-009
             30	  2.825619e-009
           30.5	  2.620955e-009
             31	  2.784365e-009
           31.5	  2.639415e-009
             32	  2.767596e-009
           32.5	  2.864742e-009
             33	  2.768532e-009
           33.5	  2.589984e-009
             34	  2.459448e-009
           34.5	  2.389127e-009
             35	  2.461438e-009
           35.5	  2.357406e-009
             36	   2.19914e-009
           36.5	  2.140292e-009
             37	  2.061895e-009
           37.5	   1.94796e-009
             38	  1.904083e-009
           38.5	   1.82493e-009
             39	  1.824196e-009
           39.5	  1.767969e-009
             40	  1.846796e-009
           40.5	  1.742913e-009
             41	  1.838526e-009
           41.5	  1.770859e-009
             42	    1.5974e-009
           42.5	  1.549762e-009
             43	  1.400752e-009
           43.5	  1.395357e-009
             44	  1.350482e-009
           44.5	  1.430449e-009
             45	  1.537517e-009
           45.5	  1.790207e-009
             46	  1.774401e-009
           46.5	  1.675298e-009
             47	  1.358556e-009
           47.5	  1.295358e-009
             48	     1.426e-009
           48.5	  1.400595e-009
             49	  1.320245e-009
           49.5	  1.229159e-009
             50	  1.372467e-009
           50.5	  1.461442e-009
             51	  1.378953e-009
           51.5	   1.36622e-009
             52	  1.201597e-009
           52.5	  1.237942e-009
             53	  1.071353e-009
           53.5	  1.032597e-009
             54	   1.08547e-009
           54.5	  1.010887e-009
             55	  1.138227e-009
           55.5	   1.18879e-009
             56	   1.20339e-009
           56.5	  1.110487e-009
             57	  1.195699e-009
           57.5	  1.187308e-009
             58	  1.055263e-009
           58.5	  1.056314e-009
             59	  1.094854e-009
           59.5	  1.306246e-009
             60	  1.841528e-009
           60.5	  1.235387e-009
             61	  8.917236e-010
           61.5	  8.949056e-010
             62	  9.065923e-010
           62.5	  9.471248e-010
             63	  9.873002e-010
           63.5	   9.68466e-010
             64	  8.175758e-010
           64.5	  8.494312e-010
             65	   8.53505e-010
           65.5	  7.346457e-010
             66	  7.448139e-010
           66.5	  7.441808e-010
             67	  7.996572e-010
           67.5	  7.993439e-010
             68	  8.132631e-010
           68.5	  8.643255e-010
             69	  9.278086e-010
           69.5	  8.345594e-010
             70	  8.059259e-010
           70.5	  8.190992e-010
             71	  7.405753e-010
           71.5	   7.03202e-010
             72	  7.771628e-010
           72.5	  7.957724e-010
             73	  7.237895e-010
           73.5	  7.628621e-010
             74	  6.960714e-010
           74.5	  7.064866e-010
             75	  6.878981e-010
           75.5	  5.527818e-010
             76	  5.949095e-010
           76.5	  7.351907e-010
             77	  7.599103e-010
           77.5	  6.542863e-010
             78	  6.710313e-010
           78.5	  6.949504e-010
             79	  7.501839e-010
           79.5	  6.398335e-010
             80	  6.567506e-010
           80.5	   5.98577e-010
             81	  5.495451e-010
           81.5	  6.410718e-010
             82	  6.138823e-010
           82.5	  6.138086e-010
             83	  6.246457e-010
           83.5	  5.605945e-010
             84	  5.648092e-010
           84.5	  5.319069e-010
             85	  5.513353e-010
           85.5	  5.356091e-010
             86	  5.737568e-010
           86.5	  5.354949e-010
             87	  5.537629e-010
           87.5	  5.792462e-010
             88	  5.570824e-010
           88.5	  5.588769e-010
             89	  4.487569e-010
           89.5	  5.344294e-010
             90	  6.262122e-010
           90.5	  6.711887e-010
             91	   5.94375e-010
           91.5	  5.478192e-010
             92	  5.167275e-010
           92.5	  5.127675e-010
             93	  5.069005e-010
           93.5	  5.047026e-010
             94	  5.584935e-010
           94.5	  5.877193e-010
             95	  6.097901e-010
           95.5	  6.077706e-010
             96	  5.853194e-010
           96.5	   4.76542e-010
             97	  4.387075e-010
           97.5	  4.985192e-010
             98	  5.255442e-010
           98.5	  4.640513e-010
             99	  4.206007e-010
           99.5	  4.773014e-010
            100	  5.765629e-010
          100.5	  5.546852e-010
            101	  4.971367e-010
          101.5	  4.333915e-010
            102	  4.506696e-010
          102.5	  4.890154e-010
            103	  4.985931e-010
          103.5	  4.699839e-010
            104	  4.174541e-010
          104.5	  4.611803e-010
            105	  4.476617e-010
          105.5	   4.72096e-010
            106	  4.595837e-010
          106.5	  4.802666e-010
            107	  5.043682e-010
          107.5	  5.377394e-010
            108	  5.096669e-010
          108.5	  5.130182e-010
            109	  4.683953e-010
          109.5	  4.481165e-010
            110	  4.143428e-010
          110.5	  4.459251e-010
            111	  4.547114e-010
          111.5	  3.960758e-010
            112	  4.625544e-010
          112.5	  4.593596e-010
            113	  3.319276e-010
          113.5	  4.326295e-010
            114	  4.452502e-010
          114.5	  3.581965e-010
            115	  3.273718e-010
          115.5	  3.595548e-010
            116	  3.493568e-010
          116.5	  3.947088e-010
            117	   3.88387e-010
          117.5	  3.363361e-010
            118	  3.556549e-010
          118.5	  3.614986e-010
            119	  3.597436e-010
          119.5	  4.223213e-010
            120	  4.196329e-010
          120.5	  3.641679e-010
            121	  3.861069e-010
          121.5	  4.122555e-010
            122	  3.388485e-010
          122.5	  3.528449e-010
            123	  3.811471e-010
          123.5	  3.481089e-010
            124	  2.923642e-010
          124.5	  3.488985e-010
            125	  3.490144e-010
          125.5	  3.351663e-010
            126	  3.724109e-010
          126.5	  3.736303e-010
            127	  3.643219e-010
          127.5	  3.674712e-010
            128	  3.092009e-010
          128.5	  2.846489e-010
            129	  2.911625e-010
          129.5	  3.180704e-010
            130	  3.017615e-010
          130.5	  3.293811e-010
            131	  3.424116e-010
          131.5	  3.333397e-010
            132	  3.020802e-010
          132.5	  3.134416e-010
            133	  3.274321e-010
          133.5	  3.698389e-010
            134	  3.723793e-010
          134.5	  3.318673e-010
            135	  3.043476e-010
          135.5	  3.074604e-010
            136	  3.204484e-010
          136.5	   3.13911e-010
            137	   3.39385e-010
          137.5	  3.455423e-010
            138	  3.048198e-010
          138.5	  2.978145e-010
            139	  3.195296e-010
          139.5	   3.17721e-010
            140	  3.197085e-010
          140.5	  3.004844e-010
            141	  2.857683e-010
          141.5	  2.721939e-010
            142	  2.812827e-010
          142.5	  2.828794e-010
            143	   2.66936e-010
          143.5	  2.732531e-010
            144	  2.958532e-010
          144.5	  3.200569e-010
            145	  2.916705e-010
          145.5	  3.238167e-010
            146	  3.080433e-010
          146.5	  2.248638e-010
            147	  2.687299e-010
          147.5	  3.066268e-010
            148	   2.57544e-010
          148.5	  3.042984e-010
            149	  3.277826e-010
          149.5	  2.725572e-010
            150	  2.693033e-010
          150.5	  2.695377e-010
            151	  2.937384e-010
          151.5	  3.286402e-010
            152	  3.074157e-010
          152.5	  2.865014e-010
            153	  3.134166e-010
          153.5	  2.988124e-010
            154	  3.141754e-010
          154.5	  3.642546e-010
            155	  3.406158e-010
          155.5	  3.575883e-010
            156	  4.224001e-010
          156.5	  3.940052e-010
            157	  3.633616e-010
          157.5	  3.505329e-010
            158	  4.587729e-010
          158.5	   4.96543e-010
            159	  4.808801e-010
          159.5	  5.891757e-010
            160	  5.434923e-010
          160.5	  5.189782e-010
            161	  5.250146e-010
          161.5	  5.126365e-010
            162	  5.904442e-010
          162.5	  6.349416e-010
            163	  5.257452e-010
          163.5	  5.245693e-010
            164	   5.69214e-010
          164.5	  5.791053e-010
            165	  4.785025e-010
          165.5	  4.881459e-010
            166	  4.765467e-010
          166.5	  4.642608e-010
            167	  5.262265e-010
          167.5	  5.039525e-010
            168	   4.26616e-010
          168.5	  4.732894e-010
            169	  5.201414e-010
          169.5	  5.575509e-010
            170	  5.029077e-010
          170.5	  3.726486e-010
            171	  3.723799e-010
          171.5	  3.502691e-010
            172	  3.289253e-010
          172.5	  3.198657e-010
            173	  3.731307e-010
          173.5	  3.461685e-010
            174	  2.782078e-010
          174.5	  2.921057e-010
            175	  2.929718e-010
          175.5	  2.713597e-010
            176	  2.443285e-010
          176.5	  2.450116e-010
            177	  2.278477e-010
          177.5	  2.157382e-010
            178	  2.316253e-010
          178.5	  2.386303e-010
            179	  2.252548e-010
          179.5	  2.331425e-010
            180	  2.178663e-010
          180.5	  2.177135e-010
            181	  2.319173e-010
          181.5	  2.238482e-010
            182	  1.894201e-010
          182.5	  1.966793e-010
            183	  2.093427e-010
          183.5	  2.200782e-010
            184	  2.224363e-010
          184.5	  2.042565e-010
            185	  1.907262e-010
          185.5	  1.905636e-010
            186	  1.590529e-010
          186.5	  1.737246e-010
            187	  1.959208e-010
          187.5	  2.112325e-010
            188	  2.407759e-010
          188.5	  2.202936e-010
            189	  2.160849e-010
          189.5	  1.973864e-010
            190	  1.837655e-010
          190.5	  1.653401e-010
            191	  1.731552e-010
          191.5	  1.743434e-010
            192	  1.845216e-010
          192.5	  2.086084e-010
            193	  1.962469e-010
          193.5	  1.953456e-010
            194	  2.027645e-010
          194.5	  2.059842e-010
            195	  2.239403e-010
          195.5	  2.005431e-010
            196	  2.067475e-010
          196.5	  1.907396e-010
            197	  2.058588e-010
          197.5	  1.726853e-010
            198	  1.797704e-010
          198.5	  1.903721e-010
            199	  1.879169e-010
          199.5	  1.783948e-010
            200	  1.773981e-010
          200.5	  1.973531e-010
            201	  1.998214e-010
          201.5	  2.136029e-010
            202	  2.229466e-010
          202.5	  2.003397e-010
            203	  1.916454e-010
          203.5	  1.902594e-010
            204	  1.898398e-010
          204.5	  1.834917e-010
            205	  1.894477e-010
          205.5	  2.002733e-010
            206	  1.835231e-010
          206.5	  1.724464e-010
            207	  2.025597e-010
          207.5	  2.027444e-010
            208	  1.997847e-010
          208.5	  1.936075e-010
            209	   1.67826e-010
          209.5	  2.025116e-010
            210	  2.147555e-010
          210.5	    1.8664e-010
            211	  1.906734e-010
          211.5	  1.640502e-010
            212	  1.614664e-010
          212.5	  1.835697e-010
            213	  1.914009e-010
          213.5	  1.802108e-010
            214	  1.856443e-010
          214.5	  1.807675e-010
            215	  1.643203e-010
          215.5	  1.701192e-010
            216	  1.781268e-010
          216.5	  1.461685e-010
            217	  1.311892e-010
          217.5	  1.415443e-010
            218	  1.663202e-010
          218.5	  1.937541e-010
            219	  1.663619e-010
          219.5	  1.859499e-010
            220	  1.984534e-010
          220.5	  1.942586e-010
            221	  1.653214e-010
          221.5	  1.586974e-010
            222	  1.698002e-010
          222.5	  1.701589e-010
            223	  1.925408e-010
          223.5	  1.748556e-010
            224	  1.515333e-010
          224.5	  1.928802e-010
            225	  1.931471e-010
          225.5	   1.54259e-010
            226	  1.328076e-010
          226.5	  1.449496e-010
            227	  1.604064e-010
          227.5	  1.669196e-010
            228	  1.455205e-010
          228.5	  1.367882e-010
            229	  1.671306e-010
          229.5	  1.862136e-010
            230	  1.822556e-010
          230.5	   1.61813e-010
            231	  1.528585e-010
          231.5	   1.53993e-010
            232	  1.431738e-010
          232.5	   1.53469e-010
            233	  1.643213e-010
          233.5	  1.630854e-010
            234	  1.714396e-010
          234.5	  1.618698e-010
            235	   1.57861e-010
          235.5	  1.638117e-010
            236	  1.676752e-010
          236.5	  1.365014e-010
            237	   1.35718e-010
          237.5	  1.540587e-010
            238	  1.542139e-010
          238.5	  1.394774e-010
            239	    1.4872e-010
          239.5	  1.540854e-010
            240	  1.550748e-010
          240.5	  1.747213e-010
            241	  1.786599e-010
          241.5	  1.361478e-010
            242	  1.580091e-010
          242.5	  1.538378e-010
            243	  1.519901e-010
          243.5	   1.64364e-010
            244	  1.650424e-010
          244.5	  1.687877e-010
            245	  1.553374e-010
          245.5	  1.447394e-010
            246	  1.280533e-010
          246.5	   1.25749e-010
            247	  1.356793e-010
          247.5	  1.536322e-010
            248	  1.721061e-010
          248.5	  1.647447e-010
            249	  1.452793e-010
          249.5	  1.251542e-010
            250	  1.486137e-010
          250.5	  1.417903e-010
            251	  1.304767e-010
          251.5	  1.406569e-010
            252	  1.366191e-010
          252.5	  1.238746e-010
            253	  1.240239e-010
          253.5	  1.352588e-010
            254	  1.390356e-010
          254.5	  1.462452e-010
            255	  1.491545e-010
          255.5	   1.47591e-010
            256	  1.525929e-010
          256.5	  1.263517e-010
            257	  1.216149e-010
          257.5	  1.227858e-010
            258	  1.503128e-010
          258.5	  1.569736e-010
            259	  1.319868e-010
          259.5	  9.723954e-011
            260	  1.095849e-010
          260.5	  1.193117e-010
            261	  1.172324e-010
          261.5	   1.11239e-010
            262	  1.294785e-010
          262.5	  1.362733e-010
            263	  1.411099e-010
          263.5	  1.415668e-010
            264	  1.428506e-010
          264.5	  1.485209e-010
            265	   1.26862e-010
          265.5	  1.193026e-010
            266	  1.164298e-010
          266.5	  1.290553e-010
            267	  1.467098e-010
          267.5	  1.409762e-010
            268	  1.255322e-010
          268.5	   1.30606e-010
            269	  1.172763e-010
          269.5	  1.094399e-010
            270	  1.172621e-010
          270.5	  1.315226e-010
            271	  1.397873e-010
          271.5	  1.386941e-010
            272	  1.272866e-010
          272.5	  1.279003e-010
            273	  1.288782e-010
          273.5	  1.375471e-010
            274	  1.303456e-010
          274.5	  1.254446e-010
            275	  1.172987e-010
          275.5	  1.196018e-010
            276	  1.256665e-010
          276.5	  1.058573e-010
            277	  1.226752e-010
          277.5	  1.223822e-010
            278	  1.158067e-010
          278.5	  1.199069e-010
            279	  1.131244e-010
          279.5	   1.22002e-010
            280	  1.364675e-010
          280.5	   1.22689e-010
            281	  1.101991e-010
          281.5	  9.913505e-011
            282	  1.132126e-010
          282.5	  1.101315e-010
            283	  1.127708e-010
          283.5	  1.241016e-010
            284	  1.134481e-010
          284.5	  1.193451e-010
            285	  1.168423e-010
          285.5	  1.175832e-010
            286	  1.199782e-010
          286.5	  1.190479e-010
            287	  1.146477e-010
          287.5	    1.2293e-010
            288	  1.310752e-010
          288.5	  1.328055e-010
            289	   1.40543e-010
          289.5	     1.273e-010
            290	  1.157136e-010
          290.5	  1.085742e-010
            291	  9.832436e-011
          291.5	  1.026688e-010
            292	  1.208748e-010
          292.5	  1.216893e-010
            293	  1.182059e-010
          293.5	  1.229093e-010
            294	  1.124675e-010
          294.5	  1.089509e-010
            295	  1.115798e-010
          295.5	  1.267998e-010
            296	  1.050549e-010
          296.5	  1.032819e-010
            297	  1.012102e-010
          297.5	  9.127595e-011
            298	  9.163676e-011
          298.5	  1.014725e-010
            299	  1.061643e-010
          299.5	   1.09542e-010
            300	  1.035964e-010
          300.5	  1.058336e-010
            301	  1.082134e-010
          301.5	   1.17082e-010
            302	  1.049489e-010
          302.5	  9.498503e-011
            303	  9.114023e-011
          303.5	  1.055015e-010
            304	  1.015247e-010
          304.5	  9.478891e-011
            305	  1.105195e-010
          305.5	  1.186245e-010
            306	   1.13627e-010
          306.5	  9.857604e-011
            307	  1.061755e-010
          307.5	   1.13256e-010
            308	  1.248284e-010
          308.5	   1.12634e-010
            309	  1.085295e-010
          309.5	  9.434542e-011
            310	  9.873766e-011
          310.5	  1.098383e-010
            311	  9.857232e-011
          311.5	  1.045274e-010
            312	  1.139641e-010
          312.5	  1.168836e-010
            313	  9.990444e-011
          313.5	   1.03477e-010
            314	  9.891704e-011
          314.5	  9.959763e-011
            315	  9.927884e-011
          315.5	  1.006867e-010
            316	  9.261603e-011
          316.5	  1.012673e-010
            317	   9.58041e-011
          317.5	  1.019502e-010
            318	  1.036216e-010
          318.5	  9.483282e-011
            319	  1.044979e-010
          319.5	  9.971465e-011
            320	  9.517602e-011
          320.5	  1.004558e-010
            321	   1.01938e-010
          321.5	  9.782923e-011
            322	  1.054069e-010
          322.5	   1.09826e-010
            323	  1.058573e-010
          323.5	  9.517586e-011
            324	   1.04032e-010
          324.5	  1.015897e-010
            325	  9.015287e-011
          325.5	  8.295953e-011
            326	  8.889615e-011
          326.5	   1.00203e-010
            327	  1.054692e-010
          327.5	  8.373007e-011
            328	  9.211778e-011
          328.5	  9.503968e-011
            329	  1.008933e-010
          329.5	  1.087745e-010
            330	  9.764845e-011
          330.5	  9.321861e-011
            331	  9.703779e-011
          331.5	  9.793097e-011
            332	  1.039694e-010
          332.5	  9.460684e-011
            333	  8.492622e-011
          333.5	  9.296356e-011
            334	  9.752513e-011
          334.5	  9.759119e-011
            335	  9.084261e-011
          335.5	  9.199995e-011
            336	  1.053399e-010
          336.5	   1.05768e-010
            337	  9.916235e-011
          337.5	  9.651191e-011
            338	  9.486634e-011
          338.5	  8.947456e-011
            339	  8.600534e-011
          339.5	  8.499193e-011
            340	  8.343764e-011
          340.5	  9.709507e-011
            341	  9.228455e-011
          341.5	  8.801902e-011
            342	  1.089343e-010
          342.5	  1.073134e-010
            343	  9.572419e-011
          343.5	  9.418333e-011
            344	   9.86002e-011
          344.5	  7.767282e-011
            345	  8.890081e-011
          345.5	  1.071177e-010
            346	  9.739264e-011
          346.5	  8.749745e-011
            347	  1.006043e-010
          347.5	  9.168585e-011
            348	  8.902846e-011
          348.5	  9.761052e-011
            349	  1.020918e-010
          349.5	  9.537245e-011
            350	  9.513521e-011
          350.5	  9.116501e-011
            351	  8.039246e-011
          351.5	  8.277392e-011
            352	  6.946427e-011
          352.5	  7.560145e-011
            353	  1.004508e-010
          353.5	  9.876196e-011
            354	  7.656722e-011
          354.5	   8.56471e-011
            355	  8.593511e-011
          355.5	  1.038432e-010
            356	  9.590313e-011
          356.5	  8.697267e-011
            357	  8.706418e-011
          357.5	  8.056852e-011
            358	  7.477621e-011
          358.5	  8.657402e-011
            359	  8.907883e-011
          359.5	  8.427007e-011
            360	  7.740197e-011
          360.5	   8.65145e-011
            361	  9.820395e-011
          361.5	  8.896461e-011
            362	  8.807874e-011
          362.5	  7.310432e-011
            363	  7.515861e-011
          363.5	  8.804322e-011
            364	  9.111553e-011
          364.5	  8.709009e-011
            365	   7.37514e-011
          365.5	  8.500539e-011
            366	  8.701678e-011
          366.5	  8.023349e-011
            367	  9.096414e-011
          367.5	  9.158355e-011
            368	  8.244909e-011
          368.5	  8.051611e-011
            369	  6.726682e-011
          369.5	  8.569245e-011
            370	    1.0006e-010
          370.5	    8.9632e-011
            371	  8.289783e-011
          371.5	  7.919582e-011
            372	  8.224919e-011
          372.5	  8.353017e-011
            373	  8.307666e-011
          373.5	  8.120221e-011
            374	  7.252356e-011
          374.5	  8.055744e-011
            375	  7.629158e-011
          375.5	  6.889737e-011
            376	  8.293752e-011
          376.5	  8.861985e-011
            377	  8.045692e-011
          377.5	  8.053516e-011
            378	  8.956193e-011
          378.5	   8.47794e-011
            379	  8.246367e-011
          379.5	  7.987762e-011
            380	   8.00884e-011
          380.5	  8.189995e-011
            381	   8.26036e-011
          381.5	  8.737653e-011
            382	  8.369502e-011
          382.5	  8.730578e-011
            383	  8.963279e-011
          383.5	  7.533542e-011
            384	  7.072939e-011
          384.5	  6.684992e-011
            385	   7.14691e-011
          385.5	  7.674333e-011
            386	  7.806119e-011
          386.5	  8.169841e-011
            387	  8.230278e-011
          387.5	  7.520475e-011
            388	  8.083469e-011
          388.5	  9.421629e-011
            389	  8.978739e-011
          389.5	  7.290096e-011
            390	  7.855883e-011
          390.5	  7.314014e-011
            391	  7.815576e-011
          391.5	  7.348327e-011
            392	   7.03051e-011
          392.5	  8.341133e-011
            393	  8.691949e-011
          393.5	  8.045085e-011
            394	  7.503956e-011
          394.5	  7.871381e-011
            395	  7.695541e-011
          395.5	  7.079126e-011
            396	  7.691345e-011
          396.5	   8.46014e-011
            397	  8.846842e-011
          397.5	  8.359907e-011
            398	  8.432374e-011
          398.5	  7.661828e-011
            399	   8.85127e-011
          399.5	   8.08217e-011
            400	  8.077054e-011
