Sig Name	G1, 1
Format	Mag	Scaling	EUrms
Chan	1
Chan Name	I1
Point	0 -Z
Ref Point	0 -Z

Hz	in/s
              0	              0
            0.5	  1.283364e-005
              1	  4.526973e-007
            1.5	  2.745624e-007
              2	  1.541978e-007
            2.5	  1.139612e-007
              3	  8.222407e-008
            3.5	    6.3084e-008
              4	  4.970628e-008
            4.5	  5.015241e-008
              5	  4.287564e-008
            5.5	  3.803938e-008
              6	  3.014821e-008
            6.5	  2.426993e-008
              7	  2.272041e-008
            7.5	  2.264541e-008
              8	  2.012978e-008
            8.5	  1.589871e-008
              9	  1.542741e-008
            9.5	  1.351303e-008
             10	  1.421346e-008
           10.5	  1.287759e-008
             11	   9.47553e-009
           11.5	  8.438534e-009
             12	  8.509977e-009
           12.5	   8.98831e-009
             13	  7.880676e-009
           13.5	  7.783029e-009
             14	  7.762544e-009
           14.5	  7.403279e-009
             15	  6.882627e-009
           15.5	  6.679699e-009
             16	  6.703991e-009
           16.5	  6.613619e-009
             17	  6.532512e-009
           17.5	  6.325303e-009
             18	  6.271566e-009
           18.5	  5.701777e-009
             19	  5.268449e-009
           19.5	   5.83197e-009
             20	  5.212116e-009
           20.5	  4.748303e-009
             21	  5.096306e-009
           21.5	  4.424214e-009
             22	  4.243961e-009
           22.5	   4.62083e-009
             23	  3.960199e-009
           23.5	  3.969526e-009
             24	  4.322971e-009
           24.5	  4.511294e-009
             25	  3.427922e-009
           25.5	  3.237309e-009
             26	  3.491157e-009
           26.5	  3.055548e-009
             27	  2.947862e-009
           27.5	   2.75028e-009
             28	  2.953998e-009
           28.5	  2.791291e-009
             29	  2.730505e-009
           29.5	    2.9344e-009
             30	  3.133012e-009
           30.5	  2.748253e-009
             31	  2.650058e-009
           31.5	  2.777908e-009
             32	  2.434245e-009
           32.5	  2.533772e-009
             33	  2.436953e-009
           33.5	  2.229557e-009
             34	  2.228981e-009
           34.5	  2.513268e-009
             35	  2.296939e-009
           35.5	  2.051331e-009
             36	  1.968387e-009
           36.5	  1.939142e-009
             37	  1.904458e-009
           37.5	  1.680566e-009
             38	  1.927939e-009
           38.5	  1.711776e-009
             39	  1.730543e-009
           39.5	   1.89184e-009
             40	  1.758356e-009
           40.5	  1.792338e-009
             41	  1.753547e-009
           41.5	  1.532543e-009
             42	  1.722713e-009
           42.5	  1.626558e-009
             43	  1.722219e-009
           43.5	  1.468741e-009
             44	  1.482685e-009
           44.5	  1.594059e-009
             45	  1.540699e-009
           45.5	  1.611547e-009
             46	  1.399242e-009
           46.5	  1.423018e-009
             47	  1.402485e-009
           47.5	  1.364215e-009
             48	   1.26596e-009
           48.5	  1.233284e-009
             49	  1.339892e-009
           49.5	  1.276253e-009
             50	  1.301071e-009
           50.5	  1.198762e-009
             51	  1.180726e-009
           51.5	  1.350961e-009
             52	  1.254968e-009
           52.5	  1.091384e-009
             53	  1.122159e-009
           53.5	  1.191164e-009
             54	  1.155705e-009
           54.5	  1.169497e-009
             55	  1.094293e-009
           55.5	  1.052544e-009
             56	  1.004945e-009
           56.5	  1.089575e-009
             57	  1.068591e-009
           57.5	  1.017085e-009
             58	   1.00737e-009
           58.5	  1.000179e-009
             59	  9.675842e-010
           59.5	  9.964584e-010
             60	  1.063751e-009
           60.5	  9.801524e-010
             61	   8.20762e-010
           61.5	  8.827366e-010
             62	  8.903394e-010
           62.5	  9.423906e-010
             63	  9.522397e-010
           63.5	  1.005801e-009
             64	  9.052253e-010
           64.5	  8.835203e-010
             65	  8.097581e-010
           65.5	  9.008551e-010
             66	  9.561183e-010
           66.5	  9.491404e-010
             67	  8.868307e-010
           67.5	  7.579337e-010
             68	  9.118308e-010
           68.5	  8.729831e-010
             69	  8.867485e-010
           69.5	  8.231776e-010
             70	  7.783373e-010
           70.5	    7.3329e-010
             71	  8.628984e-010
           71.5	  9.223175e-010
             72	  9.485379e-010
           72.5	  9.173423e-010
             73	  9.577413e-010
           73.5	  8.400298e-010
             74	  8.018205e-010
           74.5	  6.625078e-010
             75	  6.596326e-010
           75.5	  6.275154e-010
             76	  6.725921e-010
           76.5	  7.616189e-010
             77	  6.744393e-010
           77.5	  6.115928e-010
             78	  7.758767e-010
           78.5	  7.938681e-010
             79	  6.579612e-010
           79.5	  6.132908e-010
             80	  6.813936e-010
           80.5	  7.594634e-010
             81	  7.160877e-010
           81.5	  6.717175e-010
             82	  6.722903e-010
           82.5	  5.718004e-010
             83	  5.842788e-010
           83.5	  6.426749e-010
             84	  6.383498e-010
           84.5	  7.322418e-010
             85	  7.034923e-010
           85.5	   6.33901e-010
             86	   5.37114e-010
           86.5	  5.607709e-010
             87	  7.167421e-010
           87.5	  7.518829e-010
             88	  6.649549e-010
           88.5	  5.742183e-010
             89	  6.145043e-010
           89.5	   6.54808e-010
             90	  5.483856e-010
           90.5	  5.139232e-010
             91	  4.911836e-010
           91.5	  5.501202e-010
             92	  5.462701e-010
           92.5	  5.035737e-010
             93	  4.934645e-010
           93.5	  5.866389e-010
             94	  5.532778e-010
           94.5	  4.839029e-010
             95	  5.036565e-010
           95.5	  5.010858e-010
             96	  4.796489e-010
           96.5	  4.799898e-010
             97	  5.277711e-010
           97.5	  5.551474e-010
             98	  4.823938e-010
           98.5	  4.813437e-010
             99	  4.971991e-010
           99.5	  4.530511e-010
            100	  4.482253e-010
          100.5	   4.75987e-010
            101	  4.830097e-010
          101.5	  4.599258e-010
            102	  4.752946e-010
          102.5	  5.536459e-010
            103	  5.265762e-010
          103.5	  4.622124e-010
            104	  4.729194e-010
          104.5	  4.299688e-010
            105	  4.472141e-010
          105.5	  4.432145e-010
            106	  4.110488e-010
          106.5	  4.098485e-010
            107	  3.713558e-010
          107.5	  3.991881e-010
            108	  4.314183e-010
          108.5	  4.028743e-010
            109	  4.001189e-010
          109.5	   3.91971e-010
            110	  3.196533e-010
          110.5	  3.244406e-010
            111	  3.857435e-010
          111.5	  4.188006e-010
            112	  4.185259e-010
          112.5	  4.554465e-010
            113	  4.234324e-010
          113.5	  4.482266e-010
            114	  4.160761e-010
          114.5	  3.950484e-010
            115	  4.510063e-010
          115.5	  4.814055e-010
            116	  3.784709e-010
          116.5	  3.935746e-010
            117	  4.231321e-010
          117.5	  3.695726e-010
            118	  3.806382e-010
          118.5	  4.087929e-010
            119	  3.766185e-010
          119.5	  3.244865e-010
            120	  3.280918e-010
          120.5	   3.19183e-010
            121	  3.649902e-010
          121.5	  3.680294e-010
            122	  3.780084e-010
          122.5	  3.647989e-010
            123	  4.022395e-010
          123.5	   3.58189e-010
            124	  3.572055e-010
          124.5	  3.764139e-010
            125	   3.85165e-010
          125.5	  3.639839e-010
            126	  4.095143e-010
          126.5	  3.704943e-010
            127	  3.277075e-010
          127.5	  3.321703e-010
            128	   3.87816e-010
          128.5	  3.544251e-010
            129	  3.119164e-010
          129.5	  3.184474e-010
            130	  3.247131e-010
          130.5	  3.044792e-010
            131	   3.14543e-010
          131.5	  3.495558e-010
            132	  3.878642e-010
          132.5	  3.801826e-010
            133	  3.211037e-010
          133.5	  2.947701e-010
            134	  3.614954e-010
          134.5	  3.348254e-010
            135	  2.714199e-010
          135.5	  3.393819e-010
            136	   3.33877e-010
          136.5	  3.083031e-010
            137	  2.604591e-010
          137.5	  2.585019e-010
            138	  3.111353e-010
          138.5	  3.030345e-010
            139	  2.913456e-010
          139.5	  3.320406e-010
            140	  3.443634e-010
          140.5	  3.348119e-010
            141	  3.457257e-010
          141.5	  3.279983e-010
            142	  3.508474e-010
          142.5	  3.126626e-010
            143	  2.813188e-010
          143.5	  2.903349e-010
            144	  2.974679e-010
          144.5	  3.143203e-010
            145	  3.105878e-010
          145.5	  3.056403e-010
            146	  2.910708e-010
          146.5	  3.018541e-010
            147	   3.17525e-010
          147.5	  3.721119e-010
            148	  3.580166e-010
          148.5	  3.655726e-010
            149	  3.418335e-010
          149.5	  3.748272e-010
            150	  3.971297e-010
          150.5	  3.264424e-010
            151	  3.182453e-010
          151.5	   3.64744e-010
            152	  4.599048e-010
          152.5	  5.395595e-010
            153	   4.99989e-010
          153.5	  4.996903e-010
            154	  5.522472e-010
          154.5	  5.163557e-010
            155	  5.671617e-010
          155.5	  5.869109e-010
            156	  5.631977e-010
          156.5	  5.534943e-010
            157	  6.299332e-010
          157.5	  5.931908e-010
            158	  6.129046e-010
          158.5	  6.117157e-010
            159	   6.19213e-010
          159.5	   6.16858e-010
            160	   6.74582e-010
          160.5	  6.743715e-010
            161	  4.933577e-010
          161.5	  4.775818e-010
            162	  5.304716e-010
          162.5	  5.252099e-010
            163	  4.426919e-010
          163.5	  4.104868e-010
            164	  3.855535e-010
          164.5	  4.476332e-010
            165	  4.393702e-010
          165.5	  3.942857e-010
            166	  3.725373e-010
          166.5	  3.801459e-010
            167	  3.551726e-010
          167.5	  3.224277e-010
            168	  3.241668e-010
          168.5	  2.969775e-010
            169	  2.596122e-010
          169.5	  2.335918e-010
            170	  2.407987e-010
          170.5	  2.696398e-010
            171	  2.612145e-010
          171.5	  2.506289e-010
            172	  2.417063e-010
          172.5	  2.309607e-010
            173	   2.11877e-010
          173.5	  2.230676e-010
            174	  2.591556e-010
          174.5	  2.705285e-010
            175	  2.560819e-010
          175.5	  2.064417e-010
            176	    2.0446e-010
          176.5	  2.179782e-010
            177	  2.084253e-010
          177.5	  2.208987e-010
            178	  2.117404e-010
          178.5	  2.344942e-010
            179	  2.257571e-010
          179.5	  2.443499e-010
            180	  2.604973e-010
          180.5	  2.403788e-010
            181	  2.010161e-010
          181.5	  1.872057e-010
            182	   1.96367e-010
          182.5	  2.143083e-010
            183	   2.14101e-010
          183.5	  2.374345e-010
            184	  2.280245e-010
          184.5	  2.186518e-010
            185	  1.967861e-010
          185.5	  1.910127e-010
            186	  2.117856e-010
          186.5	  2.116172e-010
            187	  2.145307e-010
          187.5	  2.227921e-010
            188	  2.122688e-010
          188.5	  2.161247e-010
            189	  2.119805e-010
          189.5	  1.954416e-010
            190	   1.93995e-010
          190.5	  2.035131e-010
            191	  1.860107e-010
          191.5	  2.108686e-010
            192	  2.159734e-010
          192.5	  1.902598e-010
            193	  1.750226e-010
          193.5	  1.745665e-010
            194	  1.739333e-010
          194.5	  1.926613e-010
            195	  1.785065e-010
          195.5	   1.72593e-010
            196	   1.88844e-010
          196.5	  1.856621e-010
            197	  1.947743e-010
          197.5	  1.834149e-010
            198	  1.795056e-010
          198.5	  1.623889e-010
            199	  1.630561e-010
          199.5	  1.684354e-010
            200	  1.706822e-010
          200.5	  1.720675e-010
            201	  1.897107e-010
          201.5	  1.760337e-010
            202	   1.73324e-010
          202.5	  1.819616e-010
            203	  1.768951e-010
          203.5	  1.475371e-010
            204	  1.551711e-010
          204.5	  1.912555e-010
            205	  1.900474e-010
          205.5	  1.807749e-010
            206	  1.855324e-010
          206.5	  1.764389e-010
            207	  1.647815e-010
          207.5	   1.55157e-010
            208	  1.638525e-010
          208.5	  1.851713e-010
            209	  2.016663e-010
          209.5	  1.822927e-010
            210	  1.857371e-010
          210.5	  1.913109e-010
            211	   1.84938e-010
          211.5	  1.907197e-010
            212	  1.584144e-010
          212.5	  1.312194e-010
            213	  1.806402e-010
          213.5	  1.954973e-010
            214	  1.994383e-010
          214.5	  1.751098e-010
            215	  1.653671e-010
          215.5	  1.484666e-010
            216	  1.539368e-010
          216.5	  1.671424e-010
            217	  1.747672e-010
          217.5	  1.696293e-010
            218	   1.53461e-010
          218.5	  1.765763e-010
            219	  1.903109e-010
          219.5	  1.666966e-010
            220	  1.574814e-010
          220.5	  1.482377e-010
            221	  1.527131e-010
          221.5	  1.454295e-010
            222	  1.650734e-010
          222.5	  1.838405e-010
            223	  1.567239e-010
          223.5	  1.725881e-010
            224	  1.886063e-010
          224.5	  1.535794e-010
            225	   1.55818e-010
          225.5	  1.610854e-010
            226	  1.587598e-010
          226.5	  1.517268e-010
            227	  1.517491e-010
          227.5	  1.710557e-010
            228	  2.033479e-010
          228.5	  1.845364e-010
            229	  1.702097e-010
          229.5	  1.492553e-010
            230	  1.328482e-010
          230.5	  1.460292e-010
            231	  1.439481e-010
          231.5	  1.397821e-010
            232	   1.31987e-010
          232.5	  1.509773e-010
            233	  1.480255e-010
          233.5	  1.409217e-010
            234	  1.421032e-010
          234.5	  1.488925e-010
            235	  1.566538e-010
          235.5	  1.428769e-010
            236	  1.357343e-010
          236.5	   1.44748e-010
            237	  1.549968e-010
          237.5	  1.546152e-010
            238	  1.378994e-010
          238.5	  1.441853e-010
            239	   1.57406e-010
          239.5	  1.414147e-010
            240	  1.385719e-010
          240.5	  1.485751e-010
            241	  1.452828e-010
          241.5	  1.454473e-010
            242	  1.431214e-010
          242.5	  1.318592e-010
            243	  1.467896e-010
          243.5	  1.608075e-010
            244	  1.504085e-010
          244.5	  1.435449e-010
            245	  1.264305e-010
          245.5	   1.40243e-010
            246	   1.34408e-010
          246.5	  1.477174e-010
            247	  1.667451e-010
          247.5	  1.663059e-010
            248	  1.491766e-010
          248.5	  1.509106e-010
            249	  1.591899e-010
          249.5	  1.636904e-010
            250	  1.431951e-010
          250.5	  1.496841e-010
            251	  1.437514e-010
          251.5	   1.06453e-010
            252	   1.33184e-010
          252.5	  1.550302e-010
            253	   1.30166e-010
          253.5	  1.306061e-010
            254	  1.329717e-010
          254.5	  1.258169e-010
            255	  1.229948e-010
          255.5	  1.181711e-010
            256	  1.346572e-010
          256.5	  1.328184e-010
            257	  1.282049e-010
          257.5	  1.075534e-010
            258	  1.243823e-010
          258.5	   1.39201e-010
            259	  1.435278e-010
          259.5	  1.554058e-010
            260	  1.588167e-010
          260.5	  1.440624e-010
            261	  1.377569e-010
          261.5	  1.359703e-010
            262	  1.447716e-010
          262.5	  1.267979e-010
            263	  1.285047e-010
          263.5	  1.272233e-010
            264	  1.130239e-010
          264.5	  1.149591e-010
            265	  1.092073e-010
          265.5	  1.077747e-010
            266	  1.295496e-010
          266.5	  1.365666e-010
            267	  1.250249e-010
          267.5	  1.135041e-010
            268	  1.292033e-010
          268.5	  1.223929e-010
            269	  1.329451e-010
          269.5	  1.082177e-010
            270	  1.327191e-010
          270.5	  1.284894e-010
            271	  1.225622e-010
          271.5	  1.261213e-010
            272	  1.305434e-010
          272.5	  1.163426e-010
            273	  1.266032e-010
          273.5	  1.201425e-010
            274	  1.048643e-010
          274.5	  1.096635e-010
            275	  1.320913e-010
          275.5	  1.487755e-010
            276	  1.294297e-010
          276.5	  1.264315e-010
            277	  1.290639e-010
          277.5	  1.314131e-010
            278	  1.296028e-010
          278.5	  1.224655e-010
            279	  1.195387e-010
          279.5	  1.233468e-010
            280	  1.286365e-010
          280.5	  1.221042e-010
            281	  1.179652e-010
          281.5	  1.231773e-010
            282	  1.362825e-010
          282.5	  1.300484e-010
            283	  1.111303e-010
          283.5	  9.072455e-011
            284	  1.217872e-010
          284.5	  1.291062e-010
            285	  1.242497e-010
          285.5	  1.302244e-010
            286	  1.301225e-010
          286.5	  1.244069e-010
            287	  1.264288e-010
          287.5	  1.214951e-010
            288	  1.062931e-010
          288.5	  1.116627e-010
            289	  1.005292e-010
          289.5	  1.039853e-010
            290	  1.035995e-010
          290.5	  1.063489e-010
            291	  1.203707e-010
          291.5	   1.27544e-010
            292	  1.372997e-010
          292.5	  1.210463e-010
            293	  1.157852e-010
          293.5	  8.957163e-011
            294	  9.282095e-011
          294.5	  1.100232e-010
            295	  1.141545e-010
          295.5	  1.118572e-010
            296	  1.083255e-010
          296.5	  1.226101e-010
            297	  1.193373e-010
          297.5	  1.164287e-010
            298	  1.009585e-010
          298.5	  1.087518e-010
            299	  1.260792e-010
          299.5	  1.106999e-010
            300	   1.09077e-010
          300.5	  1.081081e-010
            301	  1.045718e-010
          301.5	  1.075517e-010
            302	  1.107371e-010
          302.5	  1.006469e-010
            303	  1.059498e-010
          303.5	  1.111279e-010
            304	  1.212891e-010
          304.5	  1.236249e-010
            305	  1.305373e-010
          305.5	  1.240685e-010
            306	  1.038145e-010
          306.5	  9.162986e-011
            307	  1.070319e-010
          307.5	  1.116786e-010
            308	  1.105275e-010
          308.5	  1.044739e-010
            309	  9.584535e-011
          309.5	  9.701857e-011
            310	  1.050033e-010
          310.5	  9.850337e-011
            311	  1.000628e-010
          311.5	  1.053121e-010
            312	  9.828308e-011
          312.5	  9.980219e-011
            313	  1.090199e-010
          313.5	  1.099214e-010
            314	  1.104594e-010
          314.5	  1.087625e-010
            315	  9.716866e-011
          315.5	  9.495126e-011
            316	  9.465672e-011
          316.5	  9.907707e-011
            317	  9.541437e-011
          317.5	  9.246996e-011
            318	   1.06633e-010
          318.5	  1.072169e-010
            319	  9.749694e-011
          319.5	   1.05161e-010
            320	  1.262677e-010
          320.5	  1.175011e-010
            321	  1.070384e-010
          321.5	  9.656617e-011
            322	   8.89707e-011
          322.5	  9.663539e-011
            323	  1.021728e-010
          323.5	  1.004754e-010
            324	  1.067311e-010
          324.5	   1.03156e-010
            325	  9.160088e-011
          325.5	   7.98218e-011
            326	  9.046645e-011
          326.5	  9.649618e-011
            327	  9.688372e-011
          327.5	  9.905989e-011
            328	  8.826943e-011
          328.5	  8.204987e-011
            329	  9.021367e-011
          329.5	  9.267614e-011
            330	  9.095608e-011
          330.5	  9.119153e-011
            331	  9.248866e-011
          331.5	  9.886843e-011
            332	    9.5209e-011
          332.5	  9.878525e-011
            333	  9.657832e-011
          333.5	  1.060672e-010
            334	  9.888219e-011
          334.5	  1.006971e-010
            335	  8.939757e-011
          335.5	  7.912168e-011
            336	  9.841485e-011
          336.5	  9.204864e-011
            337	  8.747872e-011
          337.5	  9.766717e-011
            338	  9.577163e-011
          338.5	  9.139376e-011
            339	  1.012032e-010
          339.5	  1.011262e-010
            340	  9.138157e-011
          340.5	   9.31798e-011
            341	  9.105537e-011
          341.5	  9.873191e-011
            342	  1.013484e-010
          342.5	  1.030152e-010
            343	  1.001748e-010
          343.5	   8.28663e-011
            344	  8.394167e-011
          344.5	  7.738722e-011
            345	  8.270205e-011
          345.5	   9.74954e-011
            346	  9.548481e-011
          346.5	  9.965859e-011
            347	  9.829843e-011
          347.5	  8.839725e-011
            348	   8.75251e-011
          348.5	  8.569253e-011
            349	  8.364554e-011
          349.5	  8.822471e-011
            350	  8.701422e-011
          350.5	  1.004111e-010
            351	  9.408504e-011
          351.5	   9.50206e-011
            352	  9.649104e-011
          352.5	  1.014489e-010
            353	  9.049171e-011
          353.5	  8.816366e-011
            354	  8.913766e-011
          354.5	  8.142915e-011
            355	  7.096237e-011
          355.5	  8.283729e-011
            356	  9.678693e-011
          356.5	  9.506568e-011
            357	  8.979188e-011
          357.5	  7.826584e-011
            358	  8.117858e-011
          358.5	   8.38099e-011
            359	  8.756908e-011
          359.5	  9.254254e-011
            360	  7.605894e-011
          360.5	  7.720938e-011
            361	  9.331552e-011
          361.5	  8.563857e-011
            362	  9.042999e-011
          362.5	  9.362525e-011
            363	  9.612447e-011
          363.5	  8.897008e-011
            364	  9.922099e-011
          364.5	  9.789047e-011
            365	  9.315779e-011
          365.5	  8.580098e-011
            366	  7.986398e-011
          366.5	  9.220276e-011
            367	  9.622591e-011
          367.5	  8.651217e-011
            368	  8.023002e-011
          368.5	  7.608875e-011
            369	  8.830922e-011
          369.5	  8.690319e-011
            370	  8.872162e-011
          370.5	  8.478506e-011
            371	  9.104735e-011
          371.5	   8.89016e-011
            372	  9.228034e-011
          372.5	  8.686614e-011
            373	  8.037868e-011
          373.5	  7.973205e-011
            374	  8.061903e-011
          374.5	    8.9978e-011
            375	  9.563521e-011
          375.5	  9.595851e-011
            376	  9.554009e-011
          376.5	  9.760037e-011
            377	   1.01182e-010
          377.5	  9.029239e-011
            378	  8.744504e-011
          378.5	  8.419897e-011
            379	  7.820097e-011
          379.5	  8.253418e-011
            380	  8.433571e-011
          380.5	  8.136266e-011
            381	  9.889854e-011
          381.5	  9.283786e-011
            382	  7.247499e-011
          382.5	   7.44587e-011
            383	  8.464414e-011
          383.5	  8.728601e-011
            384	  8.609972e-011
          384.5	  8.809726e-011
            385	  8.133661e-011
          385.5	  7.639143e-011
            386	  8.287575e-011
          386.5	  8.479411e-011
            387	  8.109968e-011
          387.5	  8.078932e-011
            388	  8.183733e-011
          388.5	  7.363029e-011
            389	  7.013753e-011
          389.5	  8.028431e-011
            390	    8.4718e-011
          390.5	    9.7924e-011
            391	  8.943237e-011
          391.5	  8.686537e-011
            392	  9.823075e-011
          392.5	  9.012086e-011
            393	  7.531015e-011
          393.5	   8.16941e-011
            394	  7.504626e-011
          394.5	  7.775035e-011
            395	  7.816905e-011
          395.5	  7.664114e-011
            396	  7.688782e-011
          396.5	  7.405284e-011
            397	  7.286543e-011
          397.5	   8.11905e-011
            398	  7.539998e-011
          398.5	  8.652416e-011
            399	  8.585031e-011
          399.5	   6.85558e-011
            400	  7.541365e-011
