Sig Name	G1, 1
Format	Mag	Scaling	EUrms
Chan	1
Chan Name	I1
Point	0 -Z
Ref Point	0 -Z

Hz	in/s
              0	              0
            0.5	  5.667838e-006
              1	  4.564821e-007
            1.5	  2.244416e-007
              2	  1.529748e-007
            2.5	  1.076954e-007
              3	   6.90376e-008
            3.5	  6.064616e-008
              4	  5.862244e-008
            4.5	  5.561219e-008
              5	  4.345038e-008
            5.5	  3.262503e-008
              6	  2.488574e-008
            6.5	  2.442305e-008
              7	  2.038883e-008
            7.5	  2.065119e-008
              8	  1.906173e-008
            8.5	  1.662439e-008
              9	  1.659041e-008
            9.5	   1.46098e-008
             10	  1.153594e-008
           10.5	  9.897045e-009
             11	  1.022294e-008
           11.5	  1.060111e-008
             12	  1.178721e-008
           12.5	  1.108028e-008
             13	  9.075078e-009
           13.5	  8.973691e-009
             14	  8.248905e-009
           14.5	  8.070468e-009
             15	  6.682257e-009
           15.5	   6.18129e-009
             16	  6.898635e-009
           16.5	  6.465914e-009
             17	  5.628293e-009
           17.5	  5.157075e-009
             18	  5.057737e-009
           18.5	  4.937425e-009
             19	  5.664946e-009
           19.5	   5.44394e-009
             20	  4.989805e-009
           20.5	  4.756859e-009
             21	  4.734918e-009
           21.5	  4.497926e-009
             22	  4.131116e-009
           22.5	   4.26181e-009
             23	  4.270911e-009
           23.5	   3.97891e-009
             24	  3.657714e-009
           24.5	  3.916872e-009
             25	  4.054965e-009
           25.5	  3.409904e-009
             26	  3.587903e-009
           26.5	  3.345276e-009
             27	  2.696585e-009
           27.5	  2.686324e-009
             28	  2.695322e-009
           28.5	  2.553685e-009
             29	  2.654107e-009
           29.5	  2.505547e-009
             30	  2.692093e-009
           30.5	  2.809226e-009
             31	  2.679409e-009
           31.5	   2.55448e-009
             32	  2.353556e-009
           32.5	  2.258275e-009
             33	  2.325976e-009
           33.5	  2.318957e-009
             34	  2.131228e-009
           34.5	   2.17086e-009
             35	  2.268889e-009
           35.5	  1.870836e-009
             36	  2.066218e-009
           36.5	  2.350758e-009
             37	  2.011138e-009
           37.5	  1.818141e-009
             38	  1.919967e-009
           38.5	  1.901123e-009
             39	  1.758863e-009
           39.5	  1.689153e-009
             40	   1.50019e-009
           40.5	  1.536848e-009
             41	  1.447417e-009
           41.5	  1.473352e-009
             42	   1.64538e-009
           42.5	  1.721583e-009
             43	  1.553318e-009
           43.5	  1.667881e-009
             44	  1.652468e-009
           44.5	  1.520863e-009
             45	  1.464094e-009
           45.5	   1.30697e-009
             46	  1.357199e-009
           46.5	  1.189721e-009
             47	  1.407238e-009
           47.5	  1.288157e-009
             48	  1.180972e-009
           48.5	  1.066611e-009
             49	  1.079308e-009
           49.5	  1.188564e-009
             50	   1.23394e-009
           50.5	  1.168888e-009
             51	  1.133461e-009
           51.5	   1.29224e-009
             52	  1.236424e-009
           52.5	  1.170635e-009
             53	  1.118492e-009
           53.5	  1.040608e-009
             54	  1.077707e-009
           54.5	  1.109312e-009
             55	  1.106694e-009
           55.5	   9.57555e-010
             56	  9.978643e-010
           56.5	  9.935585e-010
             57	  1.074702e-009
           57.5	  9.688171e-010
             58	  8.919724e-010
           58.5	   9.78635e-010
             59	  9.569328e-010
           59.5	  6.193517e-009
             60	  1.209251e-008
           60.5	   5.93138e-009
             61	  9.937149e-010
           61.5	  8.563389e-010
             62	  8.606322e-010
           62.5	   8.52162e-010
             63	  9.256355e-010
           63.5	  9.096414e-010
             64	   9.50518e-010
           64.5	  9.837103e-010
             65	  9.557033e-010
           65.5	  8.179136e-010
             66	  6.689537e-010
           66.5	  7.241981e-010
             67	  6.947377e-010
           67.5	  7.826996e-010
             68	  7.377852e-010
           68.5	  6.264526e-010
             69	  7.014969e-010
           69.5	   7.13741e-010
             70	  7.479488e-010
           70.5	  7.788662e-010
             71	  7.259991e-010
           71.5	  7.493537e-010
             72	  6.660872e-010
           72.5	  6.741923e-010
             73	  7.179889e-010
           73.5	    8.3483e-010
             74	  7.702673e-010
           74.5	  6.838238e-010
             75	  6.710943e-010
           75.5	  6.941791e-010
             76	  7.008762e-010
           76.5	  5.844974e-010
             77	  7.128891e-010
           77.5	  6.950306e-010
             78	  6.400251e-010
           78.5	  6.430496e-010
             79	  7.619755e-010
           79.5	  7.393117e-010
             80	    7.4949e-010
           80.5	  6.225488e-010
             81	  6.114418e-010
           81.5	   6.82977e-010
             82	  7.764881e-010
           82.5	   7.07936e-010
             83	  6.818421e-010
           83.5	  6.537347e-010
             84	  5.580503e-010
           84.5	  5.933471e-010
             85	  5.170055e-010
           85.5	  5.187096e-010
             86	  5.783101e-010
           86.5	  5.932329e-010
             87	   5.96589e-010
           87.5	  5.644351e-010
             88	  5.368708e-010
           88.5	  5.046272e-010
             89	  4.950045e-010
           89.5	  5.682445e-010
             90	  5.344216e-010
           90.5	  5.767329e-010
             91	  6.040521e-010
           91.5	  5.783759e-010
             92	  5.443895e-010
           92.5	  6.012062e-010
             93	  6.153109e-010
           93.5	  5.470094e-010
             94	  4.905107e-010
           94.5	  5.232988e-010
             95	  5.089563e-010
           95.5	  5.669211e-010
             96	  5.341339e-010
           96.5	  4.898922e-010
             97	  5.269275e-010
           97.5	  4.995196e-010
             98	  4.711473e-010
           98.5	   4.26114e-010
             99	  4.190954e-010
           99.5	   5.05243e-010
            100	  4.562068e-010
          100.5	    4.5698e-010
            101	  4.980764e-010
          101.5	  5.159563e-010
            102	  4.975436e-010
          102.5	  4.478382e-010
            103	  4.036823e-010
          103.5	  4.088965e-010
            104	  4.175839e-010
          104.5	  4.339299e-010
            105	  4.483042e-010
          105.5	  4.237702e-010
            106	  4.233702e-010
          106.5	    3.7911e-010
            107	  4.165437e-010
          107.5	  4.848075e-010
            108	  4.292249e-010
          108.5	   3.72259e-010
            109	   4.00482e-010
          109.5	  4.726581e-010
            110	  4.408665e-010
          110.5	  4.295308e-010
            111	  4.125436e-010
          111.5	  3.984653e-010
            112	    3.3669e-010
          112.5	  3.996148e-010
            113	  4.310529e-010
          113.5	  3.925925e-010
            114	  4.183236e-010
          114.5	  3.623465e-010
            115	  3.556869e-010
          115.5	  3.856036e-010
            116	  3.882341e-010
          116.5	  3.806963e-010
            117	  3.769885e-010
          117.5	  3.641084e-010
            118	  3.595147e-010
          118.5	  4.013864e-010
            119	   3.90675e-010
          119.5	  5.644196e-010
            120	  9.782019e-010
          120.5	  5.951803e-010
            121	  3.341676e-010
          121.5	  3.620633e-010
            122	  3.649997e-010
          122.5	  3.112855e-010
            123	  2.959906e-010
          123.5	  3.420128e-010
            124	  3.745302e-010
          124.5	  3.684134e-010
            125	  3.467975e-010
          125.5	  3.379252e-010
            126	   3.40753e-010
          126.5	  3.731024e-010
            127	   4.01979e-010
          127.5	  3.777562e-010
            128	  3.154663e-010
          128.5	  3.002998e-010
            129	  2.536667e-010
          129.5	  3.082458e-010
            130	  3.687639e-010
          130.5	  3.427812e-010
            131	   3.52813e-010
          131.5	  3.405778e-010
            132	  3.350078e-010
          132.5	  3.485027e-010
            133	  3.641449e-010
          133.5	  3.612926e-010
            134	  3.664556e-010
          134.5	  3.534565e-010
            135	  3.749649e-010
          135.5	  3.655213e-010
            136	  3.914831e-010
          136.5	   3.94067e-010
            137	  3.956725e-010
          137.5	  3.790137e-010
            138	  4.396197e-010
          138.5	  5.060731e-010
            139	   5.61221e-010
          139.5	  4.869317e-010
            140	  4.270153e-010
          140.5	  4.698751e-010
            141	  5.730873e-010
          141.5	  5.599828e-010
            142	  5.830714e-010
          142.5	  6.037368e-010
            143	  6.702285e-010
          143.5	  6.432599e-010
            144	  6.158352e-010
          144.5	   6.32518e-010
            145	  6.787391e-010
          145.5	  7.156293e-010
            146	  7.411976e-010
          146.5	  7.403102e-010
            147	  7.222332e-010
          147.5	  7.042213e-010
            148	  5.495251e-010
          148.5	  4.684056e-010
            149	  4.362725e-010
          149.5	  5.086659e-010
            150	  5.021802e-010
          150.5	  4.741922e-010
            151	    4.3536e-010
          151.5	  4.102974e-010
            152	  3.872199e-010
          152.5	  4.199792e-010
            153	  3.534115e-010
          153.5	  2.949277e-010
            154	   2.95628e-010
          154.5	  3.379691e-010
            155	  3.348849e-010
          155.5	  3.097727e-010
            156	   3.00153e-010
          156.5	  2.819067e-010
            157	  2.475087e-010
          157.5	  2.466588e-010
            158	  2.687865e-010
          158.5	  2.862643e-010
            159	  2.682471e-010
          159.5	  2.326492e-010
            160	  2.585478e-010
          160.5	  2.597627e-010
            161	  2.485682e-010
          161.5	  2.535803e-010
            162	  2.593466e-010
          162.5	  2.345126e-010
            163	  2.182972e-010
          163.5	  2.371435e-010
            164	  2.634926e-010
          164.5	  2.575002e-010
            165	  2.382685e-010
          165.5	  2.475205e-010
            166	  2.013663e-010
          166.5	  2.227261e-010
            167	  2.377926e-010
          167.5	  2.265054e-010
            168	  2.292688e-010
          168.5	  2.511061e-010
            169	  2.270296e-010
          169.5	  2.182774e-010
            170	  2.380207e-010
          170.5	  2.547298e-010
            171	  2.245372e-010
          171.5	  2.162222e-010
            172	  2.068787e-010
          172.5	  2.217243e-010
            173	  2.301951e-010
          173.5	  2.008787e-010
            174	  1.873665e-010
          174.5	  2.042127e-010
            175	  2.183039e-010
          175.5	  2.292467e-010
            176	  2.164387e-010
          176.5	  1.917463e-010
            177	  2.401759e-010
          177.5	  2.265994e-010
            178	  2.247949e-010
          178.5	  2.384063e-010
            179	  1.899747e-010
          179.5	   1.92709e-010
            180	  2.145708e-010
          180.5	  2.200631e-010
            181	  2.066902e-010
          181.5	   2.19109e-010
            182	  2.476229e-010
          182.5	  2.288534e-010
            183	  2.156402e-010
          183.5	  2.071994e-010
            184	  2.129302e-010
          184.5	   2.20852e-010
            185	  2.013256e-010
          185.5	  1.773043e-010
            186	  1.911744e-010
          186.5	  2.216312e-010
            187	  2.176056e-010
          187.5	   2.12174e-010
            188	  2.269992e-010
          188.5	   2.07684e-010
            189	  1.873105e-010
          189.5	  2.104222e-010
            190	  2.018453e-010
          190.5	  2.094827e-010
            191	  1.968694e-010
          191.5	  1.683993e-010
            192	  1.705674e-010
          192.5	   1.77302e-010
            193	  1.776791e-010
          193.5	  1.902946e-010
            194	  1.924395e-010
          194.5	  1.796389e-010
            195	  1.967357e-010
          195.5	  2.023289e-010
            196	  1.854508e-010
          196.5	  1.929614e-010
            197	  1.928022e-010
          197.5	  1.654275e-010
            198	  1.599002e-010
          198.5	   1.65641e-010
            199	  1.692366e-010
          199.5	  1.912358e-010
            200	  1.882383e-010
          200.5	  1.695371e-010
            201	   1.61193e-010
          201.5	   1.77876e-010
            202	   1.93633e-010
          202.5	  1.716088e-010
            203	  1.702041e-010
          203.5	  1.756709e-010
            204	  1.791571e-010
          204.5	  1.887658e-010
            205	  1.647721e-010
          205.5	  1.696206e-010
            206	  1.683848e-010
          206.5	  1.805564e-010
            207	  2.032345e-010
          207.5	  1.965434e-010
            208	  1.734494e-010
          208.5	  1.685974e-010
            209	  1.913328e-010
          209.5	  1.805951e-010
            210	  1.552142e-010
          210.5	  1.680611e-010
            211	  1.703315e-010
          211.5	  1.778004e-010
            212	  1.937698e-010
          212.5	  1.892912e-010
            213	  1.728875e-010
          213.5	   1.84248e-010
            214	  1.797549e-010
          214.5	  1.456948e-010
            215	  1.496919e-010
          215.5	  1.651752e-010
            216	   1.72792e-010
          216.5	  1.467456e-010
            217	  1.348291e-010
          217.5	  1.352338e-010
            218	  1.585074e-010
          218.5	  1.810393e-010
            219	  1.841227e-010
          219.5	  1.697873e-010
            220	  1.701063e-010
          220.5	  1.602203e-010
            221	  1.736337e-010
          221.5	  1.634729e-010
            222	  1.446353e-010
          222.5	  1.367104e-010
            223	  1.563866e-010
          223.5	  1.624592e-010
            224	  1.590444e-010
          224.5	  1.579356e-010
            225	  1.405326e-010
          225.5	  1.332763e-010
            226	  1.228508e-010
          226.5	  1.533206e-010
            227	  1.643034e-010
          227.5	  1.468733e-010
            228	   1.51682e-010
          228.5	  1.626151e-010
            229	   1.61082e-010
          229.5	  1.654987e-010
            230	  1.429113e-010
          230.5	  1.288261e-010
            231	  1.578147e-010
          231.5	  1.608457e-010
            232	  1.644165e-010
          232.5	   1.63944e-010
            233	  1.552306e-010
          233.5	  1.504866e-010
            234	  1.454993e-010
          234.5	  1.383116e-010
            235	  1.385571e-010
          235.5	  1.490523e-010
            236	  1.643777e-010
          236.5	  1.585064e-010
            237	  1.349466e-010
          237.5	  1.355289e-010
            238	  1.352299e-010
          238.5	  1.544846e-010
            239	  1.617343e-010
          239.5	   1.75849e-010
            240	  2.231524e-010
          240.5	  1.667612e-010
            241	  1.434791e-010
          241.5	  1.436215e-010
            242	  1.478176e-010
          242.5	  1.509483e-010
            243	  1.538938e-010
          243.5	  1.522855e-010
            244	  1.306643e-010
          244.5	    1.1447e-010
            245	  1.234113e-010
          245.5	  1.283792e-010
            246	  1.503574e-010
          246.5	  1.449052e-010
            247	   1.49501e-010
          247.5	  1.472722e-010
            248	  1.457219e-010
          248.5	  1.211147e-010
            249	  1.234639e-010
          249.5	  1.401579e-010
            250	  1.257647e-010
          250.5	  1.194161e-010
            251	  1.226787e-010
          251.5	  1.314697e-010
            252	  1.285322e-010
          252.5	  1.269923e-010
            253	  1.419458e-010
          253.5	  1.357167e-010
            254	  1.358147e-010
          254.5	  1.254242e-010
            255	  1.211714e-010
          255.5	  1.158849e-010
            256	  1.373739e-010
          256.5	  1.534126e-010
            257	  1.498931e-010
          257.5	  1.385341e-010
            258	  1.296351e-010
          258.5	  1.321686e-010
            259	  1.373671e-010
          259.5	  1.515138e-010
            260	   1.44305e-010
          260.5	   1.31041e-010
            261	  1.378112e-010
          261.5	  1.369136e-010
            262	  1.252122e-010
          262.5	  1.244854e-010
            263	  1.123177e-010
          263.5	  1.116844e-010
            264	  1.100858e-010
          264.5	  1.121504e-010
            265	  1.214521e-010
          265.5	  1.405501e-010
            266	  1.572219e-010
          266.5	  1.533313e-010
            267	  1.372171e-010
          267.5	  1.357373e-010
            268	  1.153956e-010
          268.5	  1.033805e-010
            269	  9.928979e-011
          269.5	  1.176404e-010
            270	  1.335995e-010
          270.5	  1.394296e-010
            271	  1.330701e-010
          271.5	  1.227536e-010
            272	  1.244067e-010
          272.5	   1.25774e-010
            273	  1.325906e-010
          273.5	  1.504377e-010
            274	  1.435479e-010
          274.5	  1.193509e-010
            275	  1.079285e-010
          275.5	  1.169304e-010
            276	  1.153044e-010
          276.5	  1.108192e-010
            277	  1.087277e-010
          277.5	  1.155591e-010
            278	  1.322851e-010
          278.5	  1.292569e-010
            279	  1.330284e-010
          279.5	  1.338116e-010
            280	  1.196737e-010
          280.5	  1.119514e-010
            281	  1.068788e-010
          281.5	  9.812593e-011
            282	  1.000316e-010
          282.5	  1.204825e-010
            283	  1.229778e-010
          283.5	  1.166522e-010
            284	  1.180109e-010
          284.5	  1.096377e-010
            285	  1.065344e-010
          285.5	     1.044e-010
            286	  1.119248e-010
          286.5	  1.150291e-010
            287	  1.139661e-010
          287.5	   1.14183e-010
            288	  1.225715e-010
          288.5	   1.21353e-010
            289	  1.243205e-010
          289.5	  1.204306e-010
            290	  9.827746e-011
          290.5	   9.33764e-011
            291	  1.080619e-010
          291.5	  1.143815e-010
            292	  1.263592e-010
          292.5	  1.313859e-010
            293	  1.159412e-010
          293.5	   1.12727e-010
            294	   1.06413e-010
          294.5	  1.005346e-010
            295	  1.062941e-010
          295.5	   1.11731e-010
            296	  1.205867e-010
          296.5	   1.13023e-010
            297	    9.7365e-011
          297.5	  9.436592e-011
            298	   9.61207e-011
          298.5	  1.026783e-010
            299	  1.095969e-010
          299.5	  1.540497e-010
            300	  2.089401e-010
          300.5	  1.349585e-010
            301	  9.322095e-011
          301.5	  1.035916e-010
            302	   1.12751e-010
          302.5	  9.705366e-011
            303	  1.054364e-010
          303.5	  1.148906e-010
            304	  1.100272e-010
          304.5	  9.502923e-011
            305	  9.576619e-011
          305.5	  1.201012e-010
            306	  1.215396e-010
          306.5	  1.163336e-010
            307	  1.157972e-010
          307.5	  9.561174e-011
            308	  1.055434e-010
          308.5	  1.187357e-010
            309	  9.881117e-011
          309.5	   9.20941e-011
            310	  9.835618e-011
          310.5	  1.157639e-010
            311	  1.063378e-010
          311.5	  9.419302e-011
            312	  8.982695e-011
          312.5	  1.052448e-010
            313	  1.226079e-010
          313.5	  1.158721e-010
            314	  1.131287e-010
          314.5	  1.051909e-010
            315	  1.067418e-010
          315.5	  1.192327e-010
            316	  1.161542e-010
          316.5	  1.050064e-010
            317	  9.877146e-011
          317.5	   1.03061e-010
            318	  1.196089e-010
          318.5	  1.089826e-010
            319	  1.016246e-010
          319.5	  1.060647e-010
            320	  1.067492e-010
          320.5	  1.014572e-010
            321	  1.033322e-010
          321.5	  1.033914e-010
            322	  1.072945e-010
          322.5	  9.733184e-011
            323	  9.720209e-011
          323.5	  9.155111e-011
            324	  9.661258e-011
          324.5	  1.026817e-010
            325	  9.073102e-011
          325.5	  9.489051e-011
            326	  8.559095e-011
          326.5	  8.901518e-011
            327	  9.541945e-011
          327.5	  1.007409e-010
            328	    9.4925e-011
          328.5	  9.246628e-011
            329	  1.058449e-010
          329.5	  9.756589e-011
            330	  9.310861e-011
          330.5	   9.34586e-011
            331	  9.720266e-011
          331.5	  1.005694e-010
            332	  9.164917e-011
          332.5	  7.344805e-011
            333	  9.158196e-011
          333.5	  1.052709e-010
            334	  9.803797e-011
          334.5	  9.418446e-011
            335	  9.584675e-011
          335.5	  8.462921e-011
            336	  8.540017e-011
          336.5	  1.011966e-010
            337	  9.954319e-011
          337.5	  9.515314e-011
            338	  7.608116e-011
          338.5	  8.256725e-011
            339	  8.115479e-011
          339.5	  9.222755e-011
            340	  9.463139e-011
          340.5	  9.164679e-011
            341	  9.702836e-011
          341.5	  1.003695e-010
            342	  1.008641e-010
          342.5	  8.712996e-011
            343	  8.863197e-011
          343.5	  1.091261e-010
            344	    1.0769e-010
          344.5	  9.509923e-011
            345	  8.560493e-011
          345.5	  8.668887e-011
            346	   9.44132e-011
          346.5	  8.611577e-011
            347	  9.076296e-011
          347.5	  9.431857e-011
            348	  9.410263e-011
          348.5	  8.570537e-011
            349	  8.112828e-011
          349.5	   8.78524e-011
            350	  8.914994e-011
          350.5	  1.026541e-010
            351	  1.095095e-010
          351.5	  9.463395e-011
            352	  8.618332e-011
          352.5	  7.633277e-011
            353	  8.610514e-011
          353.5	  8.199632e-011
            354	  8.602217e-011
          354.5	  7.963374e-011
            355	  8.687384e-011
          355.5	  9.048826e-011
            356	  8.125826e-011
          356.5	  7.741341e-011
            357	  8.118944e-011
          357.5	  7.544797e-011
            358	  8.781385e-011
          358.5	  7.702276e-011
            359	  7.742621e-011
          359.5	  8.582022e-011
            360	  8.818943e-011
          360.5	  8.658985e-011
            361	  7.691584e-011
          361.5	  8.836441e-011
            362	  8.784942e-011
          362.5	  7.514329e-011
            363	  8.371243e-011
          363.5	  9.155385e-011
            364	  8.953849e-011
          364.5	  8.672273e-011
            365	  8.184311e-011
          365.5	  7.846998e-011
            366	  8.426909e-011
          366.5	   9.59547e-011
            367	  8.843393e-011
          367.5	  8.239321e-011
            368	  7.122024e-011
          368.5	  7.695646e-011
            369	  9.539654e-011
          369.5	  8.807987e-011
            370	  7.256545e-011
          370.5	  7.603695e-011
            371	  8.165348e-011
          371.5	  7.397407e-011
            372	  7.067844e-011
          372.5	  8.853178e-011
            373	  9.106525e-011
          373.5	  8.660118e-011
            374	   8.19594e-011
          374.5	  7.164809e-011
            375	  8.060021e-011
          375.5	  7.358233e-011
            376	  7.379737e-011
          376.5	  7.168408e-011
            377	  6.987892e-011
          377.5	  6.798299e-011
            378	  8.207723e-011
          378.5	  8.729618e-011
            379	  8.016265e-011
          379.5	  7.642787e-011
            380	  7.447842e-011
          380.5	  7.976578e-011
            381	  7.073304e-011
          381.5	  7.364204e-011
            382	  7.644203e-011
          382.5	  7.753916e-011
            383	  7.369951e-011
          383.5	  9.125907e-011
            384	  9.052443e-011
          384.5	  7.321076e-011
            385	  7.317245e-011
          385.5	  8.151226e-011
            386	  8.318018e-011
          386.5	  8.093956e-011
            387	  8.646281e-011
          387.5	  7.473318e-011
            388	  7.289351e-011
          388.5	  6.978519e-011
            389	  7.673113e-011
          389.5	  7.218617e-011
            390	  7.957041e-011
          390.5	  8.149624e-011
            391	  8.199632e-011
          391.5	  7.108707e-011
            392	  7.591598e-011
          392.5	  8.508966e-011
            393	  8.139987e-011
          393.5	  8.654059e-011
            394	   8.60404e-011
          394.5	  7.340923e-011
            395	  7.546472e-011
          395.5	  8.220194e-011
            396	   8.74039e-011
          396.5	     7.816e-011
            397	   7.77519e-011
          397.5	  7.043361e-011
            398	  8.837831e-011
          398.5	  7.908501e-011
            399	  7.940209e-011
          399.5	  7.118568e-011
            400	   6.88287e-011
