Sig Name	G1, 1
Format	Mag	Scaling	EUrms
Chan	1
Chan Name	I1
Point	0 -Z
Ref Point	0 -Z

Hz	in/s
              0	              0
            0.5	  1.114952e-005
              1	  4.309814e-007
            1.5	  2.266823e-007
              2	  1.638415e-007
            2.5	   1.30899e-007
              3	  8.693101e-008
            3.5	  6.904803e-008
              4	  5.536947e-008
            4.5	  4.345236e-008
              5	  3.659592e-008
            5.5	  3.162056e-008
              6	  3.286912e-008
            6.5	  2.906899e-008
              7	   2.45646e-008
            7.5	   1.99957e-008
              8	  1.779313e-008
            8.5	  1.670673e-008
              9	  1.549853e-008
            9.5	   1.40024e-008
             10	  1.369438e-008
           10.5	  1.389955e-008
             11	   1.18941e-008
           11.5	  1.045259e-008
             12	  1.023572e-008
           12.5	  8.940991e-009
             13	  7.975782e-009
           13.5	  8.006118e-009
             14	  7.749414e-009
           14.5	  7.088715e-009
             15	  6.664017e-009
           15.5	  6.533377e-009
             16	  6.075796e-009
           16.5	  5.536505e-009
             17	  6.168956e-009
           17.5	  6.398988e-009
             18	  5.933337e-009
           18.5	  5.808439e-009
             19	  5.263423e-009
           19.5	  5.180017e-009
             20	  5.450763e-009
           20.5	  5.345719e-009
             21	  4.866687e-009
           21.5	  4.479664e-009
             22	  4.081358e-009
           22.5	  3.872758e-009
             23	  3.704247e-009
           23.5	  3.854894e-009
             24	  3.973629e-009
           24.5	   3.56276e-009
             25	   3.30722e-009
           25.5	  3.129581e-009
             26	  3.141909e-009
           26.5	  3.434562e-009
             27	  3.474936e-009
           27.5	  3.054968e-009
             28	  3.108044e-009
           28.5	  3.151783e-009
             29	  2.795938e-009
           29.5	   2.56057e-009
             30	  2.599491e-009
           30.5	   2.47412e-009
             31	   2.48563e-009
           31.5	  2.176992e-009
             32	  2.253975e-009
           32.5	  2.588547e-009
             33	  2.356046e-009
           33.5	  2.241367e-009
             34	  2.440183e-009
           34.5	  2.435406e-009
             35	  2.619284e-009
           35.5	   2.09704e-009
             36	  2.141765e-009
           36.5	  2.216178e-009
             37	  1.857238e-009
           37.5	  1.564399e-009
             38	   2.02773e-009
           38.5	  1.842414e-009
             39	   1.97934e-009
           39.5	  1.940094e-009
             40	  1.882919e-009
           40.5	  1.689154e-009
             41	  1.654014e-009
           41.5	  1.546806e-009
             42	  1.348873e-009
           42.5	  1.455238e-009
             43	  1.378029e-009
           43.5	  1.426709e-009
             44	  1.659509e-009
           44.5	  1.554167e-009
             45	  1.393218e-009
           45.5	  1.458811e-009
             46	  1.547829e-009
           46.5	  1.495116e-009
             47	  1.579651e-009
           47.5	   1.59576e-009
             48	  1.440624e-009
           48.5	  1.391856e-009
             49	  1.254567e-009
           49.5	  1.360509e-009
             50	   1.30603e-009
           50.5	  1.178594e-009
             51	  1.275794e-009
           51.5	  1.140584e-009
             52	   1.00707e-009
           52.5	  1.090448e-009
             53	  1.222783e-009
           53.5	  1.113701e-009
             54	  1.146346e-009
           54.5	  1.110146e-009
             55	  1.221604e-009
           55.5	  1.199931e-009
             56	  1.010957e-009
           56.5	  1.106055e-009
             57	   1.14628e-009
           57.5	  1.055308e-009
             58	  1.104394e-009
           58.5	  9.531892e-010
             59	  9.983384e-010
           59.5	  1.830708e-009
             60	  3.073284e-009
           60.5	  1.686539e-009
             61	  9.702447e-010
           61.5	  8.724349e-010
             62	  9.228607e-010
           62.5	  9.695393e-010
             63	  8.826227e-010
           63.5	   9.01329e-010
             64	  8.868451e-010
           64.5	  9.353769e-010
             65	  8.149626e-010
           65.5	  7.556765e-010
             66	  7.480793e-010
           66.5	  8.421455e-010
             67	  8.027848e-010
           67.5	  8.076153e-010
             68	  8.275355e-010
           68.5	  7.921372e-010
             69	   8.30779e-010
           69.5	  7.355384e-010
             70	  8.058421e-010
           70.5	   7.88903e-010
             71	  8.617445e-010
           71.5	  8.554295e-010
             72	   7.28801e-010
           72.5	  7.656137e-010
             73	  7.954389e-010
           73.5	  7.537329e-010
             74	  6.887928e-010
           74.5	   7.56986e-010
             75	  7.401461e-010
           75.5	  6.976323e-010
             76	  7.231905e-010
           76.5	  7.101045e-010
             77	  7.725568e-010
           77.5	  6.775777e-010
             78	  6.404403e-010
           78.5	  7.288965e-010
             79	  6.751278e-010
           79.5	  6.963479e-010
             80	  6.378523e-010
           80.5	  6.313027e-010
             81	  6.859496e-010
           81.5	  7.587717e-010
             82	  6.839562e-010
           82.5	  6.277531e-010
             83	  5.640402e-010
           83.5	  5.187507e-010
             84	  6.677044e-010
           84.5	  6.323518e-010
             85	  6.039133e-010
           85.5	  5.767868e-010
             86	  5.020304e-010
           86.5	  5.021248e-010
             87	  5.236345e-010
           87.5	  6.007712e-010
             88	  5.823733e-010
           88.5	   5.86524e-010
             89	  5.909508e-010
           89.5	  5.631057e-010
             90	  5.474606e-010
           90.5	  5.073408e-010
             91	  5.499952e-010
           91.5	  5.200175e-010
             92	  5.792262e-010
           92.5	  5.204864e-010
             93	   4.58195e-010
           93.5	  4.954215e-010
             94	  5.451308e-010
           94.5	  5.359869e-010
             95	  5.134322e-010
           95.5	  5.213074e-010
             96	  4.854812e-010
           96.5	  4.812564e-010
             97	  4.640377e-010
           97.5	  5.191261e-010
             98	  4.797978e-010
           98.5	  5.140327e-010
             99	  5.455618e-010
           99.5	  4.901063e-010
            100	   4.61063e-010
          100.5	  5.294182e-010
            101	  5.243191e-010
          101.5	  5.586737e-010
            102	  5.223996e-010
          102.5	  5.256997e-010
            103	  4.553806e-010
          103.5	  4.816464e-010
            104	  5.031632e-010
          104.5	  4.246978e-010
            105	  4.393317e-010
          105.5	  3.982054e-010
            106	  4.291111e-010
          106.5	  4.704402e-010
            107	  4.214455e-010
          107.5	  4.204981e-010
            108	  4.341532e-010
          108.5	  4.406983e-010
            109	  4.185156e-010
          109.5	  4.101616e-010
            110	  4.187752e-010
          110.5	  4.212245e-010
            111	  4.168066e-010
          111.5	  4.397149e-010
            112	  3.940876e-010
          112.5	   4.29211e-010
            113	  3.641429e-010
          113.5	  3.877055e-010
            114	  4.392953e-010
          114.5	  4.069235e-010
            115	   4.06533e-010
          115.5	  3.899467e-010
            116	  3.211506e-010
          116.5	  3.322608e-010
            117	  3.590082e-010
          117.5	  4.156345e-010
            118	  3.351057e-010
          118.5	  3.684544e-010
            119	  4.081438e-010
          119.5	  3.841328e-010
            120	  4.020176e-010
          120.5	  4.001479e-010
            121	  3.873695e-010
          121.5	  3.757827e-010
            122	   4.00795e-010
          122.5	  3.801229e-010
            123	  3.637214e-010
          123.5	  3.953332e-010
            124	  3.565637e-010
          124.5	  3.643007e-010
            125	  3.285885e-010
          125.5	  3.337796e-010
            126	  3.452857e-010
          126.5	  3.552341e-010
            127	  3.650213e-010
          127.5	  3.646288e-010
            128	  3.116256e-010
          128.5	  2.807154e-010
            129	   2.83114e-010
          129.5	  3.272144e-010
            130	   3.19514e-010
          130.5	    3.1581e-010
            131	  3.116119e-010
          131.5	  3.497281e-010
            132	    3.3367e-010
          132.5	  2.927569e-010
            133	  2.953457e-010
          133.5	  3.152251e-010
            134	  3.475016e-010
          134.5	  3.514989e-010
            135	  3.165994e-010
          135.5	  3.256314e-010
            136	  2.960278e-010
          136.5	  2.939896e-010
            137	  3.202737e-010
          137.5	  3.194675e-010
            138	  3.097508e-010
          138.5	  3.667892e-010
            139	  3.655493e-010
          139.5	  3.440558e-010
            140	  3.250265e-010
          140.5	  2.741099e-010
            141	  2.966171e-010
          141.5	  3.069358e-010
            142	  3.326271e-010
          142.5	  3.385522e-010
            143	  3.132543e-010
          143.5	  3.053227e-010
            144	   2.97914e-010
          144.5	  2.997861e-010
            145	   2.69475e-010
          145.5	  3.055779e-010
            146	  3.750665e-010
          146.5	  3.630575e-010
            147	  3.073784e-010
          147.5	  3.344303e-010
            148	  3.543324e-010
          148.5	  3.544593e-010
            149	  3.077204e-010
          149.5	  3.420759e-010
            150	  4.058835e-010
          150.5	    4.1066e-010
            151	  4.240582e-010
          151.5	  4.009298e-010
            152	  3.968199e-010
          152.5	  4.672335e-010
            153	  3.705435e-010
          153.5	   3.87523e-010
            154	  4.275543e-010
          154.5	  4.074511e-010
            155	  4.550415e-010
          155.5	  4.139058e-010
            156	  3.772349e-010
          156.5	  4.096903e-010
            157	  4.776807e-010
          157.5	   5.06359e-010
            158	  4.942058e-010
          158.5	  5.663597e-010
            159	  5.317251e-010
          159.5	  6.019825e-010
            160	   7.02898e-010
          160.5	  7.424064e-010
            161	  6.791984e-010
          161.5	  6.830692e-010
            162	  5.958485e-010
          162.5	  5.184238e-010
            163	  5.003414e-010
          163.5	  4.923022e-010
            164	  4.608825e-010
          164.5	   4.32077e-010
            165	  3.857874e-010
          165.5	  4.356799e-010
            166	  4.388443e-010
          166.5	  3.805506e-010
            167	  3.561186e-010
          167.5	  3.375176e-010
            168	  3.465204e-010
          168.5	   3.39034e-010
            169	  3.173509e-010
          169.5	  3.159395e-010
            170	  3.011889e-010
          170.5	   2.67812e-010
            171	  2.527919e-010
          171.5	  2.642121e-010
            172	  2.299846e-010
          172.5	  2.009761e-010
            173	  2.407856e-010
          173.5	  2.478882e-010
            174	  2.394774e-010
          174.5	  2.087347e-010
            175	  2.266574e-010
          175.5	  2.316358e-010
            176	  2.337237e-010
          176.5	  2.758777e-010
            177	  2.212671e-010
          177.5	  1.981798e-010
            178	  1.978264e-010
          178.5	  2.337697e-010
            179	  2.332262e-010
          179.5	  2.070276e-010
            180	  1.996249e-010
          180.5	  2.106288e-010
            181	   2.00687e-010
          181.5	   1.98498e-010
            182	  1.898052e-010
          182.5	  2.240726e-010
            183	  2.549977e-010
          183.5	   2.27962e-010
            184	  2.102969e-010
          184.5	  1.880153e-010
            185	  1.963025e-010
          185.5	  1.724921e-010
            186	   1.94574e-010
          186.5	  2.183249e-010
            187	  2.275686e-010
          187.5	  2.206059e-010
            188	  1.942216e-010
          188.5	  1.805428e-010
            189	  1.985538e-010
          189.5	  2.185967e-010
            190	  1.907762e-010
          190.5	  1.843158e-010
            191	  2.000127e-010
          191.5	  1.939794e-010
            192	  1.822974e-010
          192.5	  1.806259e-010
            193	  1.802296e-010
          193.5	  1.915861e-010
            194	  2.115408e-010
          194.5	  1.998879e-010
            195	  2.072515e-010
          195.5	  1.951479e-010
            196	  1.713788e-010
          196.5	  2.044028e-010
            197	  1.892038e-010
          197.5	  1.856556e-010
            198	  1.792779e-010
          198.5	  2.003343e-010
            199	   1.87032e-010
          199.5	  1.672492e-010
            200	  1.790656e-010
          200.5	  1.720005e-010
            201	  1.914189e-010
          201.5	   2.03942e-010
            202	  2.034543e-010
          202.5	  1.957623e-010
            203	  2.133948e-010
          203.5	  1.959639e-010
            204	  1.646497e-010
          204.5	  1.863135e-010
            205	  1.980073e-010
          205.5	  1.721339e-010
            206	  1.883911e-010
          206.5	  1.876364e-010
            207	  1.923247e-010
          207.5	  1.926199e-010
            208	  1.698647e-010
          208.5	    1.7414e-010
            209	  1.934903e-010
          209.5	  1.931379e-010
            210	  1.649252e-010
          210.5	  1.718911e-010
            211	  1.707253e-010
          211.5	  1.632765e-010
            212	  1.543975e-010
          212.5	  1.378273e-010
            213	  1.448988e-010
          213.5	  1.582014e-010
            214	  1.608574e-010
          214.5	  1.717105e-010
            215	  1.728621e-010
          215.5	  1.614236e-010
            216	  1.789446e-010
          216.5	  1.832165e-010
            217	  1.643771e-010
          217.5	  1.520745e-010
            218	  1.471735e-010
          218.5	  1.674351e-010
            219	  2.021193e-010
          219.5	   1.85304e-010
            220	  1.607941e-010
          220.5	  1.495785e-010
            221	  1.578567e-010
          221.5	  1.750606e-010
            222	  1.572449e-010
          222.5	  1.496775e-010
            223	  1.479775e-010
          223.5	  1.490841e-010
            224	  1.577181e-010
          224.5	  1.663727e-010
            225	  1.543535e-010
          225.5	  1.485425e-010
            226	  1.621103e-010
          226.5	  1.675799e-010
            227	   1.88931e-010
          227.5	  1.879229e-010
            228	  1.708407e-010
          228.5	  1.700241e-010
            229	  1.603014e-010
          229.5	  1.635445e-010
            230	  1.616705e-010
          230.5	  1.558679e-010
            231	   1.37161e-010
          231.5	  1.659252e-010
            232	  1.638628e-010
          232.5	   1.57198e-010
            233	  1.603115e-010
          233.5	  1.378054e-010
            234	  1.266581e-010
          234.5	  1.436515e-010
            235	  1.535312e-010
          235.5	  1.525474e-010
            236	  1.560129e-010
          236.5	  1.722304e-010
            237	  1.818964e-010
          237.5	  1.576657e-010
            238	   1.39317e-010
          238.5	  1.618742e-010
            239	  1.525195e-010
          239.5	  1.443512e-010
            240	  1.358003e-010
          240.5	  1.370764e-010
            241	  1.371361e-010
          241.5	  1.305278e-010
            242	  1.380033e-010
          242.5	  1.314303e-010
            243	  1.120574e-010
          243.5	  1.345139e-010
            244	  1.446346e-010
          244.5	  1.288327e-010
            245	  1.289965e-010
          245.5	  1.338176e-010
            246	  1.384994e-010
          246.5	  1.487811e-010
            247	  1.444911e-010
          247.5	  1.337729e-010
            248	  1.149899e-010
          248.5	  1.333801e-010
            249	   1.50874e-010
          249.5	  1.321546e-010
            250	   1.38593e-010
          250.5	  1.579113e-010
            251	  1.634889e-010
          251.5	  1.397876e-010
            252	  1.374607e-010
          252.5	  1.327495e-010
            253	   1.34486e-010
          253.5	  1.329855e-010
            254	  1.289273e-010
          254.5	   1.26142e-010
            255	  1.297645e-010
          255.5	  1.391943e-010
            256	  1.358772e-010
          256.5	  1.147313e-010
            257	  1.148107e-010
          257.5	  1.256014e-010
            258	  1.332596e-010
          258.5	  1.308699e-010
            259	  1.475953e-010
          259.5	  1.328973e-010
            260	  1.246092e-010
          260.5	  1.247679e-010
            261	  1.361398e-010
          261.5	  1.353198e-010
            262	  1.188151e-010
          262.5	  1.250205e-010
            263	  1.267539e-010
          263.5	  1.297532e-010
            264	  1.280782e-010
          264.5	  1.212815e-010
            265	  1.306333e-010
          265.5	   1.37611e-010
            266	  1.493016e-010
          266.5	  1.605981e-010
            267	  1.430087e-010
          267.5	  1.210269e-010
            268	  1.144685e-010
          268.5	  1.278876e-010
            269	  1.377425e-010
          269.5	  1.302253e-010
            270	  1.466469e-010
          270.5	  1.270326e-010
            271	    1.1575e-010
          271.5	   1.15897e-010
            272	  1.246794e-010
          272.5	  1.100807e-010
            273	  1.170271e-010
          273.5	   1.37484e-010
            274	  1.375572e-010
          274.5	  1.064844e-010
            275	  1.165477e-010
          275.5	  1.192918e-010
            276	  1.102251e-010
          276.5	  1.183588e-010
            277	  1.314652e-010
          277.5	  1.306862e-010
            278	  1.065783e-010
          278.5	  1.012625e-010
            279	  1.153932e-010
          279.5	  1.252513e-010
            280	  1.249198e-010
          280.5	    1.2065e-010
            281	  1.051938e-010
          281.5	  1.184444e-010
            282	  1.253851e-010
          282.5	  1.321753e-010
            283	  1.182434e-010
          283.5	  1.065716e-010
            284	  1.112846e-010
          284.5	  1.103445e-010
            285	  1.265699e-010
          285.5	  1.241335e-010
            286	  1.166632e-010
          286.5	  1.081032e-010
            287	   1.14975e-010
          287.5	  1.264132e-010
            288	   1.22565e-010
          288.5	  1.193401e-010
            289	  1.235357e-010
          289.5	  1.216408e-010
            290	  1.106189e-010
          290.5	   1.02689e-010
            291	  1.112619e-010
          291.5	  1.160185e-010
            292	  1.116953e-010
          292.5	  1.145983e-010
            293	  1.113291e-010
          293.5	  1.085554e-010
            294	  1.196766e-010
          294.5	  1.083132e-010
            295	  1.315303e-010
          295.5	  1.317328e-010
            296	  1.005791e-010
          296.5	  1.133089e-010
            297	  9.934682e-011
          297.5	  8.505539e-011
            298	  1.078724e-010
          298.5	  1.220037e-010
            299	   1.11304e-010
          299.5	  1.192179e-010
            300	  1.125716e-010
          300.5	  1.141185e-010
            301	  1.151278e-010
          301.5	  1.113301e-010
            302	  1.163541e-010
          302.5	  1.206612e-010
            303	  1.174944e-010
          303.5	  1.084411e-010
            304	  1.209686e-010
          304.5	  1.090088e-010
            305	  8.685593e-011
          305.5	  1.095004e-010
            306	  1.146951e-010
          306.5	  9.974382e-011
            307	  9.471079e-011
          307.5	  1.046516e-010
            308	  1.055205e-010
          308.5	  1.237913e-010
            309	  9.932699e-011
          309.5	  1.079892e-010
            310	  1.114135e-010
          310.5	  1.097899e-010
            311	  1.029943e-010
          311.5	  9.572349e-011
            312	  9.143496e-011
          312.5	  1.020671e-010
            313	  1.067284e-010
          313.5	  1.152744e-010
            314	  1.117563e-010
          314.5	  1.063317e-010
            315	   1.07338e-010
          315.5	  1.102201e-010
            316	  1.125599e-010
          316.5	    1.0054e-010
            317	  1.101178e-010
          317.5	  1.036729e-010
            318	  1.155741e-010
          318.5	  1.055854e-010
            319	  9.217552e-011
          319.5	  1.020443e-010
            320	  1.021763e-010
          320.5	  9.703158e-011
            321	    1.1529e-010
          321.5	  1.176182e-010
            322	  1.041677e-010
          322.5	  8.482365e-011
            323	  8.334294e-011
          323.5	    1.0194e-010
            324	  9.974191e-011
          324.5	  1.017351e-010
            325	  1.106564e-010
          325.5	  1.078108e-010
            326	  1.029662e-010
          326.5	  1.118496e-010
            327	  9.879649e-011
          327.5	  9.887538e-011
            328	   1.03601e-010
          328.5	   8.98134e-011
            329	  9.486206e-011
          329.5	  8.749362e-011
            330	  8.944519e-011
          330.5	  1.062013e-010
            331	  1.017831e-010
          331.5	  8.724668e-011
            332	   9.45513e-011
          332.5	  9.563096e-011
            333	  9.234775e-011
          333.5	  9.238423e-011
            334	  8.436148e-011
          334.5	  8.439691e-011
            335	  7.895284e-011
          335.5	  8.437352e-011
            336	  9.126886e-011
          336.5	  9.300334e-011
            337	  8.104658e-011
          337.5	  8.520126e-011
            338	  8.403261e-011
          338.5	  9.714917e-011
            339	  9.412517e-011
          339.5	  8.731358e-011
            340	  8.091029e-011
          340.5	   8.96373e-011
            341	  9.123501e-011
          341.5	  8.358723e-011
            342	  9.104319e-011
          342.5	  9.482175e-011
            343	  9.988738e-011
          343.5	  9.858423e-011
            344	  8.580127e-011
          344.5	  8.392279e-011
            345	  7.346285e-011
          345.5	  7.028831e-011
            346	  8.119005e-011
          346.5	  1.085853e-010
            347	  1.004167e-010
          347.5	  9.416368e-011
            348	  1.001612e-010
          348.5	  9.142221e-011
            349	  8.456789e-011
          349.5	  9.107326e-011
            350	  1.034305e-010
          350.5	  9.659903e-011
            351	  8.847698e-011
          351.5	   9.32171e-011
            352	  9.830809e-011
          352.5	  8.807485e-011
            353	  9.032664e-011
          353.5	  8.916778e-011
            354	  1.056445e-010
          354.5	   1.06472e-010
            355	  9.852191e-011
          355.5	  1.003549e-010
            356	  1.011677e-010
          356.5	   8.38267e-011
            357	  7.976009e-011
          357.5	  7.677085e-011
            358	  8.656652e-011
          358.5	  1.020394e-010
            359	  9.840065e-011
          359.5	  7.548456e-011
            360	  7.711224e-011
          360.5	  8.419397e-011
            361	  8.077498e-011
          361.5	  8.086191e-011
            362	  8.053493e-011
          362.5	  8.248477e-011
            363	  8.802081e-011
          363.5	  9.048034e-011
            364	   8.34347e-011
          364.5	  8.513053e-011
            365	  8.038799e-011
          365.5	  7.814113e-011
            366	  7.899061e-011
          366.5	  7.857674e-011
            367	  8.066248e-011
          367.5	  8.594869e-011
            368	  8.919206e-011
          368.5	  9.331827e-011
            369	  9.701409e-011
          369.5	  8.916881e-011
            370	  7.425155e-011
          370.5	  7.779564e-011
            371	  8.134205e-011
          371.5	  8.425441e-011
            372	  7.868448e-011
          372.5	  8.745742e-011
            373	  7.639987e-011
          373.5	   8.09694e-011
            374	  8.462758e-011
          374.5	  7.736239e-011
            375	  8.520738e-011
          375.5	  9.282299e-011
            376	   9.55705e-011
          376.5	  7.656842e-011
            377	  7.912523e-011
          377.5	  8.420268e-011
            378	  7.526778e-011
          378.5	  7.710475e-011
            379	  8.181334e-011
          379.5	  7.328356e-011
            380	  6.582681e-011
          380.5	  7.765801e-011
            381	  8.948763e-011
          381.5	  8.077851e-011
            382	  7.409569e-011
          382.5	  7.590011e-011
            383	  7.907406e-011
          383.5	  8.174691e-011
            384	  8.667754e-011
          384.5	  8.155785e-011
            385	   8.00779e-011
          385.5	  8.189169e-011
            386	   7.98473e-011
          386.5	  8.597731e-011
            387	  7.457826e-011
          387.5	  7.882175e-011
            388	  7.722837e-011
          388.5	   6.96459e-011
            389	  7.258469e-011
          389.5	  7.686897e-011
            390	  8.193497e-011
          390.5	  8.585382e-011
            391	   8.47029e-011
          391.5	  7.897161e-011
            392	   7.92792e-011
          392.5	  7.178474e-011
            393	  8.589532e-011
          393.5	  8.585032e-011
            394	  8.228015e-011
          394.5	  7.750182e-011
            395	  8.342751e-011
          395.5	  9.035588e-011
            396	  8.551163e-011
          396.5	  7.778545e-011
            397	  7.539126e-011
          397.5	  7.297588e-011
            398	  7.735887e-011
          398.5	  7.615641e-011
            399	  8.607989e-011
          399.5	  7.610295e-011
            400	  6.654279e-011
