Sig Name	G1, 1
Format	Mag	Scaling	EUrms
Chan	1
Chan Name	I1

Hz	in/s
              0	              0
            0.5	  1.950925e-005
              1	  4.469682e-007
            1.5	  2.582481e-007
              2	  1.640852e-007
            2.5	  1.102734e-007
              3	  8.432576e-008
            3.5	  6.394794e-008
              4	  5.670024e-008
            4.5	  4.522207e-008
              5	  3.594625e-008
            5.5	  2.998863e-008
              6	  2.896882e-008
            6.5	  2.772307e-008
              7	  2.386288e-008
            7.5	  2.220161e-008
              8	  2.165256e-008
            8.5	  2.064013e-008
              9	  1.605026e-008
            9.5	  1.508337e-008
             10	  1.218619e-008
           10.5	  1.205343e-008
             11	  1.178176e-008
           11.5	  1.011955e-008
             12	  9.018648e-009
           12.5	  8.937324e-009
             13	   8.48697e-009
           13.5	  8.622487e-009
             14	  7.937343e-009
           14.5	  7.798403e-009
             15	  6.815285e-009
           15.5	  7.308954e-009
             16	   6.84086e-009
           16.5	  6.693082e-009
             17	   6.30364e-009
           17.5	  5.699069e-009
             18	   6.00973e-009
           18.5	   5.84152e-009
             19	  5.343121e-009
           19.5	   4.96633e-009
             20	  5.101122e-009
           20.5	  4.433335e-009
             21	  4.080055e-009
           21.5	  4.692232e-009
             22	  4.668465e-009
           22.5	  4.785983e-009
             23	   4.24805e-009
           23.5	  3.599086e-009
             24	  3.215689e-009
           24.5	  2.845287e-009
             25	  3.952012e-009
           25.5	  4.148253e-009
             26	  3.968662e-009
           26.5	  3.259338e-009
             27	  2.580321e-009
           27.5	  2.800763e-009
             28	  3.205492e-009
           28.5	  3.055563e-009
             29	  2.941019e-009
           29.5	  2.727267e-009
             30	  2.621787e-009
           30.5	  2.690235e-009
             31	  2.649996e-009
           31.5	  2.625484e-009
             32	  2.517866e-009
           32.5	  2.183677e-009
             33	  2.221057e-009
           33.5	  2.433443e-009
             34	  2.201765e-009
           34.5	  2.045812e-009
             35	  2.013923e-009
           35.5	  2.052307e-009
             36	   1.89024e-009
           36.5	  1.813767e-009
             37	  2.002887e-009
           37.5	  2.090034e-009
             38	  2.197093e-009
           38.5	  1.936545e-009
             39	  1.815445e-009
           39.5	  1.817179e-009
             40	  1.790151e-009
           40.5	  1.690797e-009
             41	  1.579349e-009
           41.5	  1.697006e-009
             42	  1.640783e-009
           42.5	  1.726332e-009
             43	  1.823832e-009
           43.5	  1.917119e-009
             44	  1.866688e-009
           44.5	  1.658888e-009
             45	  1.620865e-009
           45.5	  1.700594e-009
             46	  1.516936e-009
           46.5	  1.419667e-009
             47	  1.458451e-009
           47.5	   1.43551e-009
             48	  1.299424e-009
           48.5	  1.417363e-009
             49	  1.392143e-009
           49.5	  1.422765e-009
             50	  1.378032e-009
           50.5	  1.341702e-009
             51	  1.502764e-009
           51.5	   1.49653e-009
             52	  1.313672e-009
           52.5	  1.387033e-009
             53	  1.349458e-009
           53.5	  1.191186e-009
             54	  1.026205e-009
           54.5	  1.016011e-009
             55	  1.058363e-009
           55.5	  1.129636e-009
             56	  1.285344e-009
           56.5	  1.440465e-009
             57	  1.252852e-009
           57.5	  1.049421e-009
             58	  1.099785e-009
           58.5	  1.031701e-009
             59	  1.090835e-009
           59.5	  1.115072e-009
             60	  1.054045e-009
           60.5	  9.457269e-010
             61	  8.307471e-010
           61.5	  1.089355e-009
             62	  1.040958e-009
           62.5	   1.08327e-009
             63	  1.096052e-009
           63.5	  9.765266e-010
             64	  8.204805e-010
           64.5	  8.576498e-010
             65	  1.027641e-009
           65.5	  1.051831e-009
             66	  9.063389e-010
           66.5	  8.114763e-010
             67	  8.984093e-010
           67.5	  8.697268e-010
             68	  7.385473e-010
           68.5	  8.043078e-010
             69	  8.845916e-010
           69.5	  7.632058e-010
             70	  7.558639e-010
           70.5	  7.844936e-010
             71	  7.690681e-010
           71.5	  7.323561e-010
             72	  6.589747e-010
           72.5	   7.84139e-010
             73	  8.186797e-010
           73.5	  7.384132e-010
             74	  7.037961e-010
           74.5	  7.089805e-010
             75	  8.253922e-010
           75.5	  8.184863e-010
             76	   7.45897e-010
           76.5	  7.367819e-010
             77	  7.358155e-010
           77.5	  6.822844e-010
             78	  6.802834e-010
           78.5	  6.717661e-010
             79	  7.138632e-010
           79.5	  6.483762e-010
             80	  7.108191e-010
           80.5	  7.645474e-010
             81	  7.035927e-010
           81.5	  6.517923e-010
             82	  7.152093e-010
           82.5	  6.720392e-010
             83	  6.070411e-010
           83.5	  6.295157e-010
             84	  6.281043e-010
           84.5	  5.549973e-010
             85	  5.935323e-010
           85.5	  6.105937e-010
             86	  5.597122e-010
           86.5	   5.74083e-010
             87	   6.01749e-010
           87.5	  6.313128e-010
             88	  6.192041e-010
           88.5	  6.487779e-010
             89	  5.495503e-010
           89.5	  5.181287e-010
             90	  5.628326e-010
           90.5	  4.693631e-010
             91	  5.781613e-010
           91.5	  6.606271e-010
             92	  6.426436e-010
           92.5	  6.629623e-010
             93	  7.121337e-010
           93.5	  6.794679e-010
             94	  6.568862e-010
           94.5	  6.518396e-010
             95	  6.932185e-010
           95.5	  5.968268e-010
             96	  6.413833e-010
           96.5	  6.937875e-010
             97	  7.404116e-010
           97.5	   6.89824e-010
             98	  7.351951e-010
           98.5	  7.286658e-010
             99	  7.223968e-010
           99.5	  7.554851e-010
            100	    8.8191e-010
          100.5	  8.290826e-010
            101	  8.404913e-010
          101.5	  9.202217e-010
            102	  8.867747e-010
          102.5	  9.793959e-010
            103	  9.133176e-010
          103.5	  8.910154e-010
            104	  9.729179e-010
          104.5	   8.86853e-010
            105	  8.360279e-010
          105.5	   8.71076e-010
            106	  9.385265e-010
          106.5	    8.5564e-010
            107	  8.556244e-010
          107.5	  8.678199e-010
            108	  7.125115e-010
          108.5	  8.585253e-010
            109	  8.771562e-010
          109.5	  7.741795e-010
            110	  7.327106e-010
          110.5	  7.516698e-010
            111	  6.749897e-010
          111.5	  6.104677e-010
            112	  5.188686e-010
          112.5	   5.23047e-010
            113	  5.313143e-010
          113.5	  5.229383e-010
            114	  5.417767e-010
          114.5	  4.996965e-010
            115	  4.563863e-010
          115.5	   4.22922e-010
            116	  4.794642e-010
          116.5	  5.084467e-010
            117	  4.694679e-010
          117.5	  4.728581e-010
            118	  4.626227e-010
          118.5	  4.091027e-010
            119	  4.264427e-010
          119.5	   4.56862e-010
            120	   3.60785e-010
          120.5	  3.719632e-010
            121	   4.09922e-010
          121.5	  4.118712e-010
            122	  3.683105e-010
          122.5	  3.193678e-010
            123	  3.181615e-010
          123.5	  3.530083e-010
            124	   3.74166e-010
          124.5	  3.878813e-010
            125	  3.784991e-010
          125.5	  3.846343e-010
            126	  3.664721e-010
          126.5	  3.604844e-010
            127	  3.342576e-010
          127.5	   3.51738e-010
            128	  3.658393e-010
          128.5	  3.316468e-010
            129	   3.35697e-010
          129.5	  3.287254e-010
            130	  3.348672e-010
          130.5	  3.151508e-010
            131	   3.54222e-010
          131.5	  3.569978e-010
            132	   3.50419e-010
          132.5	  3.407946e-010
            133	  3.154171e-010
          133.5	  3.055521e-010
            134	  3.171519e-010
          134.5	  3.320353e-010
            135	  3.580046e-010
          135.5	  3.695126e-010
            136	  3.222047e-010
          136.5	  3.349753e-010
            137	  3.264707e-010
          137.5	  3.622383e-010
            138	  3.512369e-010
          138.5	  3.151618e-010
            139	   3.10976e-010
          139.5	  2.958004e-010
            140	  3.097805e-010
          140.5	  3.633208e-010
            141	  3.027441e-010
          141.5	  2.431349e-010
            142	  3.083752e-010
          142.5	  2.688875e-010
            143	  3.144239e-010
          143.5	  2.937637e-010
            144	  2.719442e-010
          144.5	  2.731538e-010
            145	  3.084375e-010
          145.5	  3.004605e-010
            146	  3.444736e-010
          146.5	  3.117268e-010
            147	  2.799857e-010
          147.5	  3.098586e-010
            148	  3.152509e-010
          148.5	    2.8139e-010
            149	   3.20537e-010
          149.5	  3.211243e-010
            150	  2.804028e-010
          150.5	  2.882649e-010
            151	  3.030421e-010
          151.5	  2.851953e-010
            152	  2.500724e-010
          152.5	  2.819825e-010
            153	  2.793838e-010
          153.5	  2.638433e-010
            154	  2.497613e-010
          154.5	  2.309511e-010
            155	  2.315278e-010
          155.5	  2.428119e-010
            156	  2.713898e-010
          156.5	  2.725134e-010
            157	  2.386131e-010
          157.5	  2.171023e-010
            158	  2.218058e-010
          158.5	  2.318895e-010
            159	    2.4133e-010
          159.5	  2.485287e-010
            160	  2.633878e-010
          160.5	  2.890451e-010
            161	  2.581294e-010
          161.5	  2.564711e-010
            162	  2.190219e-010
          162.5	  2.403585e-010
            163	  2.726015e-010
          163.5	  2.905352e-010
            164	  2.612061e-010
          164.5	  2.556773e-010
            165	    2.7733e-010
          165.5	  2.674453e-010
            166	  2.594677e-010
          166.5	  2.578088e-010
            167	  2.548516e-010
          167.5	  2.342702e-010
            168	  2.486161e-010
          168.5	  2.616973e-010
            169	  2.434389e-010
          169.5	  2.371837e-010
            170	  2.513452e-010
          170.5	  2.318991e-010
            171	  2.274133e-010
          171.5	  2.236908e-010
            172	  2.544724e-010
          172.5	   2.38401e-010
            173	  2.268161e-010
          173.5	  2.438417e-010
            174	  2.455085e-010
          174.5	  2.551237e-010
            175	  2.461836e-010
          175.5	    2.2497e-010
            176	  2.231303e-010
          176.5	   2.12358e-010
            177	  2.062344e-010
          177.5	  2.278991e-010
            178	  2.116742e-010
          178.5	  1.891619e-010
            179	  1.862481e-010
          179.5	   2.08844e-010
            180	   1.96678e-010
          180.5	  2.294349e-010
            181	  2.337715e-010
          181.5	  2.402224e-010
            182	  2.260216e-010
          182.5	  2.257348e-010
            183	  2.123074e-010
          183.5	  2.092949e-010
            184	   1.89642e-010
          184.5	  2.088618e-010
            185	  2.455595e-010
          185.5	  2.271925e-010
            186	  2.289333e-010
          186.5	  2.124028e-010
            187	  2.331069e-010
          187.5	  2.070309e-010
            188	  1.943461e-010
          188.5	  2.058241e-010
            189	  2.042268e-010
          189.5	   1.97345e-010
            190	  1.944015e-010
          190.5	  2.081176e-010
            191	  1.757429e-010
          191.5	  1.933683e-010
            192	  2.166142e-010
          192.5	  2.143625e-010
            193	  2.024988e-010
          193.5	   2.20182e-010
            194	   2.24057e-010
          194.5	  2.172187e-010
            195	  2.194269e-010
          195.5	  1.936716e-010
            196	  1.927858e-010
          196.5	  2.035518e-010
            197	  2.057204e-010
          197.5	  1.965466e-010
            198	  1.866662e-010
          198.5	   1.85921e-010
            199	  1.706485e-010
          199.5	  1.642378e-010
            200	  1.689015e-010
          200.5	  1.950193e-010
            201	  2.024071e-010
          201.5	  1.902581e-010
            202	  1.855402e-010
          202.5	  1.903588e-010
            203	  1.873316e-010
          203.5	  1.724706e-010
            204	  1.684359e-010
          204.5	  1.741182e-010
            205	  1.605825e-010
          205.5	  1.572755e-010
            206	  1.349128e-010
          206.5	  1.523542e-010
            207	  1.867797e-010
          207.5	  2.042567e-010
            208	  1.720863e-010
          208.5	  2.012328e-010
            209	  2.024263e-010
          209.5	   1.96451e-010
            210	  2.105385e-010
          210.5	  2.092574e-010
            211	  1.754359e-010
          211.5	  1.852937e-010
            212	  1.583809e-010
          212.5	  1.593043e-010
            213	  1.784841e-010
          213.5	  1.911997e-010
            214	  1.716665e-010
          214.5	  1.681612e-010
            215	  1.661809e-010
          215.5	  1.814306e-010
            216	  1.905168e-010
          216.5	  1.819277e-010
            217	  1.692182e-010
          217.5	  1.741659e-010
            218	  1.778095e-010
          218.5	  1.689746e-010
            219	  1.668935e-010
          219.5	  1.716769e-010
            220	  1.637139e-010
          220.5	  1.670023e-010
            221	  1.668811e-010
          221.5	  1.775202e-010
            222	  1.649428e-010
          222.5	  1.585511e-010
            223	  1.756299e-010
          223.5	  1.623301e-010
            224	  1.694792e-010
          224.5	   1.54331e-010
            225	  1.590231e-010
          225.5	  1.849137e-010
            226	  1.665643e-010
          226.5	  1.543271e-010
            227	  1.721882e-010
          227.5	  1.731487e-010
            228	  1.871643e-010
          228.5	  1.810618e-010
            229	  1.540605e-010
          229.5	  1.523504e-010
            230	  1.729502e-010
          230.5	  1.854336e-010
            231	  1.865991e-010
          231.5	  1.809663e-010
            232	  1.783469e-010
          232.5	  1.648604e-010
            233	  1.635092e-010
          233.5	  1.879178e-010
            234	  1.619142e-010
          234.5	  1.751736e-010
            235	  1.585659e-010
          235.5	  1.463563e-010
            236	  1.552738e-010
          236.5	  1.897536e-010
            237	  1.784365e-010
          237.5	  1.684676e-010
            238	  1.549879e-010
          238.5	  1.479786e-010
            239	  1.623314e-010
          239.5	  1.777622e-010
            240	  1.554756e-010
          240.5	  1.217315e-010
            241	  1.108729e-010
          241.5	   1.41383e-010
            242	  1.523035e-010
          242.5	  1.533514e-010
            243	  1.509309e-010
          243.5	  1.667119e-010
            244	  1.496544e-010
          244.5	  1.537669e-010
            245	  1.628325e-010
          245.5	  1.408197e-010
            246	  1.233614e-010
          246.5	   1.36038e-010
            247	   1.29717e-010
          247.5	  1.570628e-010
            248	  1.538189e-010
          248.5	  1.396333e-010
            249	  1.371472e-010
          249.5	  1.494565e-010
            250	  1.410998e-010
          250.5	  1.333934e-010
            251	   1.45497e-010
          251.5	  1.493912e-010
            252	  1.507957e-010
          252.5	  1.450677e-010
            253	  1.416435e-010
          253.5	  1.414698e-010
            254	  1.444591e-010
          254.5	  1.386727e-010
            255	  1.208438e-010
          255.5	  1.173422e-010
            256	  1.136127e-010
          256.5	  1.269578e-010
            257	  1.253453e-010
          257.5	  1.305423e-010
            258	  1.472867e-010
          258.5	  1.249963e-010
            259	  1.153495e-010
          259.5	  1.327476e-010
            260	  1.384235e-010
          260.5	  1.320964e-010
            261	  1.221989e-010
          261.5	  1.428487e-010
            262	  1.402194e-010
          262.5	  1.369322e-010
            263	   1.47975e-010
          263.5	  1.466064e-010
            264	  1.276725e-010
          264.5	  1.371239e-010
            265	  1.447363e-010
          265.5	   1.46433e-010
            266	  1.347778e-010
          266.5	  1.141684e-010
            267	  1.172625e-010
          267.5	   1.18824e-010
            268	  1.259857e-010
          268.5	  1.339292e-010
            269	  1.243716e-010
          269.5	   1.32703e-010
            270	  1.336395e-010
          270.5	  1.404668e-010
            271	  1.171987e-010
          271.5	  1.059477e-010
            272	  1.275745e-010
          272.5	  1.201522e-010
            273	  1.312312e-010
          273.5	  1.504873e-010
            274	  1.318088e-010
          274.5	  1.343651e-010
            275	  1.306075e-010
          275.5	  1.076998e-010
            276	  1.132983e-010
          276.5	  1.178152e-010
            277	  1.249784e-010
          277.5	  1.139714e-010
            278	  1.427321e-010
          278.5	  1.487774e-010
            279	  1.223082e-010
          279.5	  1.238091e-010
            280	  1.309149e-010
          280.5	  1.304359e-010
            281	  1.325109e-010
          281.5	   1.23396e-010
            282	  1.317079e-010
          282.5	  1.306136e-010
            283	  1.068305e-010
          283.5	  1.257279e-010
            284	  1.250003e-010
          284.5	  1.100071e-010
            285	  1.121105e-010
          285.5	   1.20818e-010
            286	  1.261664e-010
          286.5	  1.376973e-010
            287	  1.403811e-010
          287.5	  1.288425e-010
            288	  1.137135e-010
          288.5	  1.327205e-010
            289	  1.382485e-010
          289.5	  1.132286e-010
            290	  1.162186e-010
          290.5	  1.142735e-010
            291	  9.787644e-011
          291.5	  1.179192e-010
            292	  1.253956e-010
          292.5	  1.159285e-010
            293	  1.092903e-010
          293.5	  9.712989e-011
            294	  1.069679e-010
          294.5	  1.173255e-010
            295	  1.209352e-010
          295.5	  1.240047e-010
            296	  1.132714e-010
          296.5	  1.231386e-010
            297	  1.381778e-010
          297.5	  1.286855e-010
            298	  1.267524e-010
          298.5	   1.06054e-010
            299	  1.087263e-010
          299.5	  1.105182e-010
            300	  1.060468e-010
          300.5	  1.175392e-010
            301	  1.314128e-010
          301.5	  1.281512e-010
            302	  1.077667e-010
          302.5	  1.158161e-010
            303	  1.017414e-010
          303.5	  9.644902e-011
            304	    1.0811e-010
          304.5	  1.272173e-010
            305	   1.12465e-010
          305.5	  1.018102e-010
            306	  1.065501e-010
          306.5	   1.00071e-010
            307	  1.026976e-010
          307.5	  1.060418e-010
            308	  8.979227e-011
          308.5	  1.014219e-010
            309	  1.135526e-010
          309.5	  1.148198e-010
            310	  1.020617e-010
          310.5	  9.990217e-011
            311	  1.110685e-010
          311.5	  1.064978e-010
            312	  9.960294e-011
          312.5	  1.045412e-010
            313	  1.094467e-010
          313.5	  1.015031e-010
            314	   1.05371e-010
          314.5	   9.81933e-011
            315	  1.053306e-010
          315.5	  1.046193e-010
            316	  1.039518e-010
          316.5	   1.02779e-010
            317	  1.116101e-010
          317.5	  1.236019e-010
            318	  1.132516e-010
          318.5	  1.094695e-010
            319	   1.04215e-010
          319.5	  9.577623e-011
            320	  9.260298e-011
          320.5	  9.012389e-011
            321	  1.022744e-010
          321.5	   1.05803e-010
            322	  8.577192e-011
          322.5	  1.114733e-010
            323	    1.1265e-010
          323.5	  1.063184e-010
            324	  1.104809e-010
          324.5	  1.040943e-010
            325	  1.037012e-010
          325.5	  9.753112e-011
            326	  9.356915e-011
          326.5	  1.092948e-010
            327	  9.693412e-011
          327.5	  1.008162e-010
            328	   1.00152e-010
          328.5	  8.714714e-011
            329	  1.013308e-010
          329.5	  1.139887e-010
            330	  1.120163e-010
          330.5	  1.089369e-010
            331	  8.921787e-011
          331.5	  8.602856e-011
            332	  9.116318e-011
          332.5	  1.056666e-010
            333	    1.0244e-010
          333.5	  9.917711e-011
            334	  8.820424e-011
          334.5	  8.457453e-011
            335	  9.169013e-011
          335.5	  9.901726e-011
            336	  1.011834e-010
          336.5	  9.442806e-011
            337	  9.026365e-011
          337.5	    9.2324e-011
            338	  7.915252e-011
          338.5	   8.86636e-011
            339	   1.04317e-010
          339.5	  9.983343e-011
            340	  8.932381e-011
          340.5	  8.154961e-011
            341	  9.519341e-011
          341.5	  1.124777e-010
            342	  1.084364e-010
          342.5	  9.819522e-011
            343	  9.518814e-011
          343.5	  9.328509e-011
            344	  9.972152e-011
          344.5	  1.025666e-010
            345	  9.770332e-011
          345.5	  1.015568e-010
            346	  8.329598e-011
          346.5	  8.800864e-011
            347	    9.8729e-011
          347.5	  8.758833e-011
            348	  7.739343e-011
          348.5	  8.717089e-011
            349	  1.027264e-010
          349.5	  9.556988e-011
            350	  8.898063e-011
          350.5	  9.284695e-011
            351	  9.473002e-011
          351.5	   9.39013e-011
            352	  8.992104e-011
          352.5	  9.776024e-011
            353	   1.09843e-010
          353.5	   1.04419e-010
            354	  9.410811e-011
          354.5	  8.304209e-011
            355	  8.390588e-011
          355.5	  8.205123e-011
            356	  9.423251e-011
          356.5	  9.967911e-011
            357	  8.544711e-011
          357.5	  8.682684e-011
            358	  1.007751e-010
          358.5	  9.441766e-011
            359	  9.765698e-011
          359.5	  9.369061e-011
            360	  8.460319e-011
          360.5	  8.554347e-011
            361	  8.847907e-011
          361.5	  8.842521e-011
            362	  8.105062e-011
          362.5	  8.826915e-011
            363	  9.730305e-011
          363.5	  8.764226e-011
            364	  8.632699e-011
          364.5	  8.465672e-011
            365	  8.849981e-011
          365.5	  8.677481e-011
            366	  9.277111e-011
          366.5	   7.48263e-011
            367	  8.201354e-011
          367.5	  8.557968e-011
            368	  8.634546e-011
          368.5	  8.249854e-011
            369	  7.848031e-011
          369.5	  9.386636e-011
            370	  1.002924e-010
          370.5	  8.447093e-011
            371	  7.837929e-011
          371.5	  8.062247e-011
            372	  8.447076e-011
          372.5	  8.193265e-011
            373	  8.373609e-011
          373.5	  9.361212e-011
            374	  8.667232e-011
          374.5	  9.797491e-011
            375	  9.211865e-011
          375.5	  8.288558e-011
            376	  7.252822e-011
          376.5	  7.857341e-011
            377	  8.529571e-011
          377.5	   7.86283e-011
            378	  8.734562e-011
          378.5	  9.604156e-011
            379	  8.545208e-011
          379.5	  7.184068e-011
            380	  7.358634e-011
          380.5	  8.907262e-011
            381	   9.04933e-011
          381.5	  8.427872e-011
            382	  8.166608e-011
          382.5	  8.659357e-011
            383	  8.033971e-011
          383.5	  7.915066e-011
            384	  7.960677e-011
          384.5	  8.023897e-011
            385	  8.197139e-011
          385.5	  7.681362e-011
            386	  7.342581e-011
          386.5	  8.066492e-011
            387	  8.045416e-011
          387.5	  7.990233e-011
            388	  7.934439e-011
          388.5	  6.784809e-011
            389	  7.710029e-011
          389.5	  7.409461e-011
            390	  6.818364e-011
          390.5	  7.473294e-011
            391	  8.350864e-011
          391.5	  8.312111e-011
            392	  8.807767e-011
          392.5	  8.267666e-011
            393	  8.135345e-011
          393.5	  8.252316e-011
            394	  8.578672e-011
          394.5	  8.129072e-011
            395	    7.4631e-011
          395.5	  7.727779e-011
            396	  7.402739e-011
          396.5	  7.465883e-011
            397	    7.8078e-011
          397.5	  7.285177e-011
            398	  7.025298e-011
          398.5	  6.900245e-011
            399	  6.845124e-011
          399.5	  7.607531e-011
            400	  7.447769e-011
