Sig Name	G1, 1
Format	Mag	Scaling	EUrms
Chan	1
Chan Name	I1
Point	0 -Z
Ref Point	0 -Z

Hz	in/s
              0	              0
            0.5	   2.46446e-005
              1	  4.537754e-007
            1.5	  2.599148e-007
              2	   1.53293e-007
            2.5	  9.284226e-008
              3	  8.157888e-008
            3.5	  6.810669e-008
              4	  4.915531e-008
            4.5	  4.175493e-008
              5	  3.762093e-008
            5.5	  3.517498e-008
              6	  2.945803e-008
            6.5	  2.743407e-008
              7	  2.502719e-008
            7.5	  2.307134e-008
              8	  2.119577e-008
            8.5	  1.868461e-008
              9	  1.474438e-008
            9.5	  1.338317e-008
             10	  1.502941e-008
           10.5	  1.380133e-008
             11	  1.111886e-008
           11.5	  9.346597e-009
             12	  1.033729e-008
           12.5	  1.119383e-008
             13	  1.103396e-008
           13.5	  8.150079e-009
             14	  7.737152e-009
           14.5	  8.445512e-009
             15	   7.34661e-009
           15.5	  7.078334e-009
             16	  6.659568e-009
           16.5	  6.590311e-009
             17	  5.802735e-009
           17.5	  5.552665e-009
             18	  5.624184e-009
           18.5	  5.366152e-009
             19	  5.456982e-009
           19.5	  5.214612e-009
             20	  4.522454e-009
           20.5	  4.914389e-009
             21	  4.382393e-009
           21.5	    3.9902e-009
             22	  3.675545e-009
           22.5	  3.341669e-009
             23	   3.63867e-009
           23.5	  3.783416e-009
             24	  3.469973e-009
           24.5	  3.544097e-009
             25	  3.243988e-009
           25.5	  3.124902e-009
             26	  3.069723e-009
           26.5	  3.145431e-009
             27	  3.077917e-009
           27.5	  3.352631e-009
             28	  3.148138e-009
           28.5	  2.920731e-009
             29	  2.525713e-009
           29.5	  2.554993e-009
             30	  2.547072e-009
           30.5	  2.552661e-009
             31	  2.333746e-009
           31.5	   2.64758e-009
             32	  2.824362e-009
           32.5	  2.668136e-009
             33	  2.295373e-009
           33.5	  2.405048e-009
             34	  2.436685e-009
           34.5	  2.009447e-009
             35	  2.112389e-009
           35.5	  2.225708e-009
             36	  1.999049e-009
           36.5	   2.29739e-009
             37	  2.091844e-009
           37.5	  1.918068e-009
             38	  2.184826e-009
           38.5	  2.053237e-009
             39	  1.986139e-009
           39.5	  1.784823e-009
             40	  1.985571e-009
           40.5	    1.9828e-009
             41	   2.00576e-009
           41.5	   1.84085e-009
             42	  1.555369e-009
           42.5	  1.385192e-009
             43	  1.635493e-009
           43.5	  1.582016e-009
             44	  1.438882e-009
           44.5	  1.343373e-009
             45	  1.447619e-009
           45.5	  1.753596e-009
             46	  1.487452e-009
           46.5	  1.352502e-009
             47	  1.474839e-009
           47.5	  1.463492e-009
             48	  1.363862e-009
           48.5	   1.23285e-009
             49	  1.467629e-009
           49.5	  1.359227e-009
             50	  1.254221e-009
           50.5	  1.233921e-009
             51	  1.208254e-009
           51.5	  1.065379e-009
             52	   1.07973e-009
           52.5	  1.131023e-009
             53	  9.765336e-010
           53.5	  1.196173e-009
             54	  1.206619e-009
           54.5	  1.171807e-009
             55	  1.265833e-009
           55.5	  1.183129e-009
             56	  1.030801e-009
           56.5	  9.438598e-010
             57	  9.734763e-010
           57.5	  1.105561e-009
             58	  1.099534e-009
           58.5	  1.078838e-009
             59	  1.030114e-009
           59.5	  1.018913e-009
             60	  9.806919e-010
           60.5	  1.082823e-009
             61	  1.135034e-009
           61.5	  1.000678e-009
             62	  9.702117e-010
           62.5	   9.18301e-010
             63	  9.095594e-010
           63.5	  9.399557e-010
             64	  1.032153e-009
           64.5	  1.032845e-009
             65	  8.924103e-010
           65.5	   8.89583e-010
             66	  9.108223e-010
           66.5	  8.042627e-010
             67	  8.032028e-010
           67.5	  8.942792e-010
             68	  8.366864e-010
           68.5	  8.191803e-010
             69	  9.182455e-010
           69.5	  8.953928e-010
             70	  8.097232e-010
           70.5	  8.077516e-010
             71	  8.226219e-010
           71.5	  8.406846e-010
             72	  7.919637e-010
           72.5	  6.908448e-010
             73	  6.582063e-010
           73.5	   7.63793e-010
             74	  7.087021e-010
           74.5	   6.35987e-010
             75	  7.875524e-010
           75.5	  7.307428e-010
             76	  6.302056e-010
           76.5	   6.37106e-010
             77	   6.18205e-010
           77.5	  6.604574e-010
             78	  6.152697e-010
           78.5	  6.045336e-010
             79	  6.608084e-010
           79.5	  7.312263e-010
             80	  6.199767e-010
           80.5	  6.805432e-010
             81	  7.567552e-010
           81.5	   6.61886e-010
             82	  6.983933e-010
           82.5	  7.078079e-010
             83	  6.591418e-010
           83.5	  6.561715e-010
             84	  5.970104e-010
           84.5	   6.05208e-010
             85	  6.097631e-010
           85.5	  5.564393e-010
             86	  5.220268e-010
           86.5	  5.678091e-010
             87	  6.379679e-010
           87.5	  5.926072e-010
             88	   5.20984e-010
           88.5	  5.024624e-010
             89	  4.761843e-010
           89.5	  5.292638e-010
             90	   5.68321e-010
           90.5	  6.153568e-010
             91	  5.368109e-010
           91.5	   5.87227e-010
             92	  5.657694e-010
           92.5	  5.465728e-010
             93	  4.842112e-010
           93.5	  4.909013e-010
             94	  5.406411e-010
           94.5	  5.658394e-010
             95	  4.916263e-010
           95.5	   4.95438e-010
             96	  4.544842e-010
           96.5	  5.320845e-010
             97	  5.372262e-010
           97.5	  5.200513e-010
             98	  4.751048e-010
           98.5	  4.847792e-010
             99	  4.328848e-010
           99.5	  4.622464e-010
            100	   4.63285e-010
          100.5	  4.890693e-010
            101	  5.268701e-010
          101.5	  4.798492e-010
            102	  4.856244e-010
          102.5	  5.281129e-010
            103	  5.240308e-010
          103.5	  3.938629e-010
            104	  3.746611e-010
          104.5	  3.831821e-010
            105	  3.790479e-010
          105.5	  4.261214e-010
            106	  4.697026e-010
          106.5	   4.39777e-010
            107	  4.321689e-010
          107.5	    4.3739e-010
            108	  4.108897e-010
          108.5	  4.762393e-010
            109	  5.307426e-010
          109.5	  4.454272e-010
            110	  4.410507e-010
          110.5	   4.82932e-010
            111	  4.767653e-010
          111.5	  4.478554e-010
            112	  4.374521e-010
          112.5	  4.188402e-010
            113	  4.391908e-010
          113.5	  4.145152e-010
            114	  4.172708e-010
          114.5	  4.426743e-010
            115	  3.504156e-010
          115.5	  3.878176e-010
            116	  3.808454e-010
          116.5	  3.526794e-010
            117	  4.024986e-010
          117.5	  3.839479e-010
            118	  3.555269e-010
          118.5	  3.999536e-010
            119	   4.24982e-010
          119.5	  3.835666e-010
            120	  4.085681e-010
          120.5	  4.347032e-010
            121	  4.693231e-010
          121.5	  4.604114e-010
            122	  4.821369e-010
          122.5	  4.763936e-010
            123	  5.505778e-010
          123.5	  5.750711e-010
            124	  6.097369e-010
          124.5	  5.671027e-010
            125	  5.149187e-010
          125.5	  5.864786e-010
            126	  6.646098e-010
          126.5	   6.41925e-010
            127	  6.367628e-010
          127.5	  7.284184e-010
            128	  8.352455e-010
          128.5	  7.776628e-010
            129	  6.872413e-010
          129.5	  7.108682e-010
            130	  7.470251e-010
          130.5	  7.593133e-010
            131	  6.864785e-010
          131.5	  6.942103e-010
            132	  6.984672e-010
          132.5	  7.208327e-010
            133	  7.134177e-010
          133.5	  6.996014e-010
            134	  6.229817e-010
          134.5	  6.241151e-010
            135	  6.481837e-010
          135.5	  5.551586e-010
            136	  5.581823e-010
          136.5	  5.043659e-010
            137	  4.695533e-010
          137.5	  4.563184e-010
            138	  4.164165e-010
          138.5	  4.067972e-010
            139	   4.24586e-010
          139.5	  3.770468e-010
            140	  3.885831e-010
          140.5	  3.653396e-010
            141	  3.625051e-010
          141.5	   3.29347e-010
            142	    3.6219e-010
          142.5	  3.652436e-010
            143	  3.227689e-010
          143.5	  3.047635e-010
            144	  3.008732e-010
          144.5	  3.368233e-010
            145	  3.538593e-010
          145.5	  2.790098e-010
            146	  2.770421e-010
          146.5	  2.819807e-010
            147	  2.680578e-010
          147.5	   2.71116e-010
            148	  3.060948e-010
          148.5	  3.033437e-010
            149	  2.505983e-010
          149.5	  2.415599e-010
            150	   2.56986e-010
          150.5	  2.749986e-010
            151	  2.613457e-010
          151.5	  2.733077e-010
            152	  2.860674e-010
          152.5	  3.291181e-010
            153	  2.835339e-010
          153.5	  2.570089e-010
            154	  2.733138e-010
          154.5	   2.64736e-010
            155	  2.706206e-010
          155.5	  2.656464e-010
            156	  2.422257e-010
          156.5	  2.742119e-010
            157	   2.64114e-010
          157.5	  2.736623e-010
            158	   3.02365e-010
          158.5	  2.743879e-010
            159	  2.525318e-010
          159.5	  2.766381e-010
            160	  2.694902e-010
          160.5	  2.534028e-010
            161	  2.537849e-010
          161.5	  2.585391e-010
            162	  2.571961e-010
          162.5	   2.40037e-010
            163	  2.364193e-010
          163.5	  2.518254e-010
            164	  2.578487e-010
          164.5	   2.42784e-010
            165	  2.268847e-010
          165.5	  2.268049e-010
            166	  2.299941e-010
          166.5	   2.38167e-010
            167	  2.147344e-010
          167.5	  2.004334e-010
            168	  2.623207e-010
          168.5	  2.518482e-010
            169	  2.174696e-010
          169.5	  2.384915e-010
            170	  2.421346e-010
          170.5	  2.344371e-010
            171	  2.156498e-010
          171.5	  2.018086e-010
            172	  2.387603e-010
          172.5	  2.547525e-010
            173	  2.152793e-010
          173.5	  2.025395e-010
            174	  2.441281e-010
          174.5	  2.843119e-010
            175	  2.614378e-010
          175.5	  2.178654e-010
            176	  2.036529e-010
          176.5	  2.255758e-010
            177	  2.123104e-010
          177.5	  2.322262e-010
            178	  2.420049e-010
          178.5	  2.255498e-010
            179	  2.287091e-010
          179.5	  2.172522e-010
            180	  2.000877e-010
          180.5	  2.044979e-010
            181	  2.418191e-010
          181.5	   2.28547e-010
            182	  2.139587e-010
          182.5	    2.0892e-010
            183	  2.099139e-010
          183.5	  2.173412e-010
            184	  2.147768e-010
          184.5	  2.479786e-010
            185	  2.396087e-010
          185.5	  2.248455e-010
            186	  2.141639e-010
          186.5	  2.173214e-010
            187	  1.839494e-010
          187.5	  2.105282e-010
            188	  1.897099e-010
          188.5	  1.823766e-010
            189	  1.693647e-010
          189.5	  1.741445e-010
            190	   2.12381e-010
          190.5	  2.135309e-010
            191	  2.066128e-010
          191.5	  1.991202e-010
            192	  2.100751e-010
          192.5	  2.161397e-010
            193	  2.189074e-010
          193.5	   2.02226e-010
            194	  2.032909e-010
          194.5	  2.293852e-010
            195	  2.001688e-010
          195.5	  1.872565e-010
            196	  1.805066e-010
          196.5	  1.936473e-010
            197	  2.056459e-010
          197.5	   2.06485e-010
            198	  2.106943e-010
          198.5	  1.956316e-010
            199	  1.942986e-010
          199.5	  2.030389e-010
            200	  1.841114e-010
          200.5	  1.914933e-010
            201	  2.031493e-010
          201.5	   1.97067e-010
            202	  2.192374e-010
          202.5	  2.039468e-010
            203	  1.899466e-010
          203.5	  1.842578e-010
            204	   1.75792e-010
          204.5	  1.728889e-010
            205	  1.865186e-010
          205.5	  1.738402e-010
            206	  1.680571e-010
          206.5	  1.622761e-010
            207	  1.725792e-010
          207.5	  1.860363e-010
            208	  1.847409e-010
          208.5	   1.87996e-010
            209	  1.772879e-010
          209.5	  1.782104e-010
            210	   1.98614e-010
          210.5	  1.889589e-010
            211	  1.847742e-010
          211.5	  1.747259e-010
            212	  1.652988e-010
          212.5	  1.519208e-010
            213	  1.611008e-010
          213.5	  1.776059e-010
            214	  1.728609e-010
          214.5	  1.813908e-010
            215	  1.883803e-010
          215.5	  1.823356e-010
            216	  1.575157e-010
          216.5	  1.620149e-010
            217	  1.523249e-010
          217.5	   1.73264e-010
            218	  1.777471e-010
          218.5	  1.842507e-010
            219	  1.891613e-010
          219.5	  1.912257e-010
            220	  1.811538e-010
          220.5	   1.76393e-010
            221	  1.659073e-010
          221.5	  1.719867e-010
            222	  1.741449e-010
          222.5	  1.734476e-010
            223	   1.83135e-010
          223.5	  1.810027e-010
            224	  1.594393e-010
          224.5	   1.78562e-010
            225	  1.874373e-010
          225.5	  1.612702e-010
            226	  1.535392e-010
          226.5	  1.527357e-010
            227	  1.525002e-010
          227.5	  1.568721e-010
            228	  1.608498e-010
          228.5	  1.560304e-010
            229	  1.701782e-010
          229.5	  1.831855e-010
            230	  1.693716e-010
          230.5	  1.372693e-010
            231	  1.286519e-010
          231.5	  1.356307e-010
            232	  1.430288e-010
          232.5	  1.491312e-010
            233	  1.435829e-010
          233.5	  1.651007e-010
            234	  1.703057e-010
          234.5	  1.423416e-010
            235	  1.372602e-010
          235.5	  1.424871e-010
            236	  1.482665e-010
          236.5	    1.5537e-010
            237	  1.705647e-010
          237.5	  1.702877e-010
            238	  1.585648e-010
          238.5	  1.630949e-010
            239	  1.591225e-010
          239.5	  1.402412e-010
            240	  1.333121e-010
          240.5	  1.363514e-010
            241	  1.308084e-010
          241.5	  1.617086e-010
            242	   1.54971e-010
          242.5	  1.382036e-010
            243	  1.285656e-010
          243.5	  1.286613e-010
            244	  1.483041e-010
          244.5	  1.645823e-010
            245	  1.684998e-010
          245.5	  1.524244e-010
            246	  1.309702e-010
          246.5	  1.375442e-010
            247	  1.681883e-010
          247.5	  1.574481e-010
            248	  1.465538e-010
          248.5	  1.341866e-010
            249	  1.434113e-010
          249.5	  1.389342e-010
            250	  1.457888e-010
          250.5	  1.329237e-010
            251	  1.204756e-010
          251.5	  1.383335e-010
            252	  1.584618e-010
          252.5	  1.461287e-010
            253	  1.514443e-010
          253.5	  1.381677e-010
            254	  1.422999e-010
          254.5	  1.369354e-010
            255	  1.359621e-010
          255.5	  1.406601e-010
            256	  1.522308e-010
          256.5	  1.356788e-010
            257	  1.454624e-010
          257.5	  1.498457e-010
            258	  1.387651e-010
          258.5	  1.277304e-010
            259	  1.397795e-010
          259.5	  1.514349e-010
            260	  1.457731e-010
          260.5	  1.231321e-010
            261	  1.200729e-010
          261.5	  1.156363e-010
            262	  1.306607e-010
          262.5	  1.466739e-010
            263	  1.350546e-010
          263.5	  1.164982e-010
            264	  1.106887e-010
          264.5	  1.126882e-010
            265	  1.356814e-010
          265.5	  1.395301e-010
            266	  1.232135e-010
          266.5	  1.180182e-010
            267	  1.439343e-010
          267.5	   1.38019e-010
            268	  1.288525e-010
          268.5	  1.238339e-010
            269	   1.31414e-010
          269.5	  1.434476e-010
            270	  1.195892e-010
          270.5	   1.21597e-010
            271	  1.280639e-010
          271.5	  1.253664e-010
            272	  1.066881e-010
          272.5	  1.070794e-010
            273	  1.310477e-010
          273.5	  1.446204e-010
            274	  1.334856e-010
          274.5	  1.261064e-010
            275	  1.212467e-010
          275.5	  1.246313e-010
            276	  1.370322e-010
          276.5	  1.431261e-010
            277	  1.251176e-010
          277.5	    1.3058e-010
            278	  1.315602e-010
          278.5	  1.326032e-010
            279	  1.170263e-010
          279.5	  1.213384e-010
            280	  1.173496e-010
          280.5	  1.085347e-010
            281	  1.026085e-010
          281.5	  1.053678e-010
            282	  1.261154e-010
          282.5	  1.343713e-010
            283	  1.432219e-010
          283.5	  1.396957e-010
            284	  1.408747e-010
          284.5	  1.248547e-010
            285	  1.146167e-010
          285.5	  1.197795e-010
            286	  1.148076e-010
          286.5	  1.146994e-010
            287	  1.254056e-010
          287.5	   1.09479e-010
            288	  1.197662e-010
          288.5	  1.237777e-010
            289	  1.179783e-010
          289.5	  1.178241e-010
            290	   1.15908e-010
          290.5	  9.194972e-011
            291	  9.666024e-011
          291.5	  9.249264e-011
            292	  1.049825e-010
          292.5	  1.146553e-010
            293	  1.126933e-010
          293.5	  1.168861e-010
            294	  1.222464e-010
          294.5	  1.246237e-010
            295	  1.254992e-010
          295.5	  1.163776e-010
            296	  9.236844e-011
          296.5	  1.143238e-010
            297	  1.130928e-010
          297.5	   1.07693e-010
            298	  1.118065e-010
          298.5	  1.146439e-010
            299	  1.066006e-010
          299.5	  1.156406e-010
            300	  1.013139e-010
          300.5	  9.989588e-011
            301	  9.955694e-011
          301.5	  9.877965e-011
            302	  9.517142e-011
          302.5	  9.881167e-011
            303	  1.211501e-010
          303.5	  1.365538e-010
            304	  1.171358e-010
          304.5	   9.98804e-011
            305	  1.063333e-010
          305.5	    1.0204e-010
            306	  1.070225e-010
          306.5	   1.08341e-010
            307	  1.083305e-010
          307.5	    1.1671e-010
            308	  1.077339e-010
          308.5	  9.646683e-011
            309	  1.107188e-010
          309.5	  1.132024e-010
            310	  1.155099e-010
          310.5	  1.023186e-010
            311	  1.031219e-010
          311.5	  1.047466e-010
            312	  1.145128e-010
          312.5	   1.21896e-010
            313	   1.09475e-010
          313.5	  8.965884e-011
            314	   9.03529e-011
          314.5	   1.04078e-010
            315	  1.039474e-010
          315.5	  1.109301e-010
            316	  1.023015e-010
          316.5	  9.320207e-011
            317	  1.067265e-010
          317.5	  1.117236e-010
            318	   1.10484e-010
          318.5	  1.089928e-010
            319	  1.151553e-010
          319.5	  1.030192e-010
            320	  9.568255e-011
          320.5	  1.078926e-010
            321	  1.077974e-010
          321.5	  9.777973e-011
            322	  9.306949e-011
          322.5	  9.256791e-011
            323	   9.95292e-011
          323.5	  9.365658e-011
            324	  9.787129e-011
          324.5	  9.560238e-011
            325	  1.029272e-010
          325.5	  1.027986e-010
            326	  1.015795e-010
          326.5	  8.946183e-011
            327	  9.748129e-011
          327.5	  9.783647e-011
            328	  9.963129e-011
          328.5	  9.541959e-011
            329	   9.61668e-011
          329.5	  1.077595e-010
            330	  9.821938e-011
          330.5	  9.990889e-011
            331	  1.015867e-010
          331.5	   1.02006e-010
            332	  1.055706e-010
          332.5	  1.073078e-010
            333	  1.033627e-010
          333.5	  1.031402e-010
            334	  1.024021e-010
          334.5	  1.146287e-010
            335	  1.160299e-010
          335.5	  1.028782e-010
            336	  9.731201e-011
          336.5	  9.052583e-011
            337	  8.312785e-011
          337.5	  7.898873e-011
            338	  8.401909e-011
          338.5	  7.914525e-011
            339	   8.11393e-011
          339.5	  9.663258e-011
            340	  1.054345e-010
          340.5	  9.838465e-011
            341	   9.06032e-011
          341.5	  8.145275e-011
            342	  8.814083e-011
          342.5	  9.697782e-011
            343	  8.639173e-011
          343.5	  9.441505e-011
            344	  8.310552e-011
          344.5	  9.533994e-011
            345	  1.121618e-010
          345.5	  9.055905e-011
            346	  8.182648e-011
          346.5	  8.230495e-011
            347	  8.296845e-011
          347.5	  8.616435e-011
            348	  9.248464e-011
          348.5	  9.717037e-011
            349	  9.791656e-011
          349.5	  9.605337e-011
            350	  9.506667e-011
          350.5	  8.678935e-011
            351	  7.796688e-011
          351.5	  7.860335e-011
            352	  8.945047e-011
          352.5	  9.851247e-011
            353	  9.137201e-011
          353.5	  8.926668e-011
            354	   1.06567e-010
          354.5	  9.083206e-011
            355	  9.276543e-011
          355.5	  8.864255e-011
            356	   9.32339e-011
          356.5	  9.363735e-011
            357	  8.640608e-011
          357.5	  9.692473e-011
            358	  9.630265e-011
          358.5	  9.843321e-011
            359	  1.006358e-010
          359.5	  1.057501e-010
            360	  9.546786e-011
          360.5	  9.145198e-011
            361	  8.942953e-011
          361.5	  8.693245e-011
            362	  9.906777e-011
          362.5	  9.470157e-011
            363	  9.338576e-011
          363.5	  1.017415e-010
            364	  1.048882e-010
          364.5	  1.001656e-010
            365	  8.589594e-011
          365.5	  8.314727e-011
            366	  7.419095e-011
          366.5	  8.295852e-011
            367	  8.998303e-011
          367.5	  8.767043e-011
            368	  7.693159e-011
          368.5	  7.003371e-011
            369	  7.786726e-011
          369.5	  9.002659e-011
            370	  9.511054e-011
          370.5	  8.177595e-011
            371	   8.96133e-011
          371.5	  9.269926e-011
            372	  8.907818e-011
          372.5	  8.757074e-011
            373	  8.660957e-011
          373.5	    8.7757e-011
            374	  9.474271e-011
          374.5	  8.696751e-011
            375	  8.322314e-011
          375.5	  9.945963e-011
            376	  9.071537e-011
          376.5	  8.034553e-011
            377	  8.143699e-011
          377.5	  7.985836e-011
            378	   7.66746e-011
          378.5	  7.546785e-011
            379	  8.708224e-011
          379.5	  9.011349e-011
            380	  7.158577e-011
          380.5	  7.338838e-011
            381	  7.851347e-011
          381.5	  7.516247e-011
            382	  7.294063e-011
          382.5	  7.733248e-011
            383	  8.360077e-011
          383.5	  7.922576e-011
            384	  7.643466e-011
          384.5	  8.955034e-011
            385	  8.978886e-011
          385.5	   8.27898e-011
            386	  7.822023e-011
          386.5	   7.63586e-011
            387	  6.789153e-011
          387.5	   8.38877e-011
            388	   8.40512e-011
          388.5	   7.86267e-011
            389	  7.994191e-011
          389.5	  8.206639e-011
            390	  8.496687e-011
          390.5	  8.307638e-011
            391	  8.123386e-011
          391.5	  7.700812e-011
            392	  7.280672e-011
          392.5	  7.829654e-011
            393	  9.235573e-011
          393.5	  8.738085e-011
            394	  7.268554e-011
          394.5	  7.001867e-011
            395	   7.29584e-011
          395.5	  7.096229e-011
            396	  6.764361e-011
          396.5	  7.657167e-011
            397	  7.014041e-011
          397.5	  8.807965e-011
            398	  8.676043e-011
          398.5	  7.868722e-011
            399	  9.097338e-011
          399.5	  8.644913e-011
            400	  7.796131e-011
