Sig Name	G1, 1
Format	Mag	Scaling	EUrms
Chan	1
Chan Name	I1

Hz	in/s
              0	              0
            0.5	  2.652887e-005
              1	  5.137021e-007
            1.5	  2.304915e-007
              2	  1.591856e-007
            2.5	  1.200406e-007
              3	  9.887953e-008
            3.5	  6.792391e-008
              4	  4.856722e-008
            4.5	  3.765989e-008
              5	  3.880662e-008
            5.5	   3.43577e-008
              6	  3.174953e-008
            6.5	  2.569283e-008
              7	  2.373976e-008
            7.5	  2.409629e-008
              8	  1.975115e-008
            8.5	  1.625813e-008
              9	   1.52764e-008
            9.5	  1.527138e-008
             10	  1.570519e-008
           10.5	  1.441003e-008
             11	  1.345949e-008
           11.5	  1.098336e-008
             12	  9.352035e-009
           12.5	  1.005917e-008
             13	  1.113746e-008
           13.5	  9.518843e-009
             14	  7.875157e-009
           14.5	  7.935187e-009
             15	  6.724644e-009
           15.5	  6.000969e-009
             16	  6.071432e-009
           16.5	  5.888359e-009
             17	  5.995855e-009
           17.5	  6.011661e-009
             18	  5.531016e-009
           18.5	  5.519616e-009
             19	  5.095739e-009
           19.5	  5.417803e-009
             20	  5.193759e-009
           20.5	  4.954186e-009
             21	  3.917372e-009
           21.5	  4.418834e-009
             22	  4.300374e-009
           22.5	  3.657156e-009
             23	   3.57045e-009
           23.5	   3.55035e-009
             24	  3.966846e-009
           24.5	  4.340185e-009
             25	  3.831239e-009
           25.5	   3.52269e-009
             26	  3.907925e-009
           26.5	  3.477131e-009
             27	  3.500593e-009
           27.5	  3.517581e-009
             28	  3.031313e-009
           28.5	  2.773058e-009
             29	  2.968136e-009
           29.5	  2.849077e-009
             30	  2.476669e-009
           30.5	  2.584341e-009
             31	  2.766937e-009
           31.5	  2.591706e-009
             32	  2.453451e-009
           32.5	  2.272479e-009
             33	  2.389894e-009
           33.5	  2.235315e-009
             34	  2.226975e-009
           34.5	  2.042252e-009
             35	  2.132179e-009
           35.5	  2.376122e-009
             36	  2.291987e-009
           36.5	  2.258682e-009
             37	  1.956077e-009
           37.5	  1.673034e-009
             38	  1.742015e-009
           38.5	  1.619994e-009
             39	  1.839265e-009
           39.5	  2.086659e-009
             40	  1.936115e-009
           40.5	  1.761711e-009
             41	  1.597153e-009
           41.5	  1.625612e-009
             42	  1.616629e-009
           42.5	  1.555091e-009
             43	   1.65177e-009
           43.5	  1.548603e-009
             44	  1.721639e-009
           44.5	  1.745598e-009
             45	  1.653547e-009
           45.5	  1.613983e-009
             46	  1.453189e-009
           46.5	  1.391933e-009
             47	  1.413154e-009
           47.5	  1.496333e-009
             48	  1.508132e-009
           48.5	  1.344611e-009
             49	  1.313716e-009
           49.5	   1.27201e-009
             50	  1.263573e-009
           50.5	  1.340699e-009
             51	  1.236723e-009
           51.5	  1.303419e-009
             52	  1.200824e-009
           52.5	  1.112071e-009
             53	  1.087029e-009
           53.5	  1.182577e-009
             54	  1.191182e-009
           54.5	  1.194165e-009
             55	  1.136824e-009
           55.5	  1.012227e-009
             56	  1.011277e-009
           56.5	  1.184234e-009
             57	  1.099572e-009
           57.5	  9.379471e-010
             58	  1.064879e-009
           58.5	  1.116421e-009
             59	  1.098329e-009
           59.5	  9.516298e-010
             60	  1.014734e-009
           60.5	   1.11074e-009
             61	  1.039212e-009
           61.5	  8.738697e-010
             62	  9.249448e-010
           62.5	   9.35813e-010
             63	  1.016287e-009
           63.5	  1.055006e-009
             64	  1.027863e-009
           64.5	  9.674785e-010
             65	  8.523723e-010
           65.5	  8.924992e-010
             66	  9.520664e-010
           66.5	  8.607509e-010
             67	   8.56442e-010
           67.5	  8.767868e-010
             68	  8.075249e-010
           68.5	  7.506577e-010
             69	  8.574934e-010
           69.5	  8.608243e-010
             70	  8.976373e-010
           70.5	  7.648853e-010
             71	  7.297177e-010
           71.5	  7.748092e-010
             72	  6.435188e-010
           72.5	  6.412805e-010
             73	  6.897706e-010
           73.5	  6.045088e-010
             74	  7.366017e-010
           74.5	  7.666195e-010
             75	  6.744478e-010
           75.5	  7.003285e-010
             76	  6.737113e-010
           76.5	  7.282905e-010
             77	  7.261557e-010
           77.5	   6.75854e-010
             78	  6.825289e-010
           78.5	  7.239473e-010
             79	    7.4143e-010
           79.5	  6.215197e-010
             80	  5.719108e-010
           80.5	   5.93904e-010
             81	  6.411323e-010
           81.5	  5.974456e-010
             82	   6.77052e-010
           82.5	  7.446729e-010
             83	  6.999643e-010
           83.5	  6.271701e-010
             84	  5.962003e-010
           84.5	  6.140504e-010
             85	  6.194371e-010
           85.5	     5.692e-010
             86	   6.11234e-010
           86.5	  6.896902e-010
             87	  6.217235e-010
           87.5	  6.138225e-010
             88	  5.746028e-010
           88.5	  5.354889e-010
             89	  5.910488e-010
           89.5	   5.23648e-010
             90	  5.233484e-010
           90.5	  5.096517e-010
             91	  5.169608e-010
           91.5	  5.410714e-010
             92	  5.873282e-010
           92.5	  5.805922e-010
             93	  5.355598e-010
           93.5	  4.778055e-010
             94	  5.374762e-010
           94.5	  4.938172e-010
             95	  4.551551e-010
           95.5	  5.626605e-010
             96	  5.419331e-010
           96.5	  4.820956e-010
             97	  5.647424e-010
           97.5	  5.197249e-010
             98	  4.807335e-010
           98.5	  5.094064e-010
             99	  5.324017e-010
           99.5	  4.955967e-010
            100	  4.491413e-010
          100.5	  4.582865e-010
            101	   4.81709e-010
          101.5	  4.658351e-010
            102	  4.081415e-010
          102.5	  4.245488e-010
            103	  4.880752e-010
          103.5	  4.553208e-010
            104	  4.487608e-010
          104.5	  4.019112e-010
            105	  3.864714e-010
          105.5	  4.304521e-010
            106	  4.426694e-010
          106.5	  4.346827e-010
            107	  4.380119e-010
          107.5	  4.758274e-010
            108	  4.731269e-010
          108.5	  4.511364e-010
            109	  4.470183e-010
          109.5	   4.25389e-010
            110	  4.344125e-010
          110.5	  4.037661e-010
            111	  3.454483e-010
          111.5	  3.634072e-010
            112	  3.629698e-010
          112.5	  3.521461e-010
            113	  3.803702e-010
          113.5	  4.196621e-010
            114	  3.933827e-010
          114.5	  3.369162e-010
            115	   3.75877e-010
          115.5	  3.766553e-010
            116	  3.719154e-010
          116.5	  3.855836e-010
            117	  4.009848e-010
          117.5	  3.932698e-010
            118	  4.364527e-010
          118.5	  3.819932e-010
            119	  4.081953e-010
          119.5	  4.318756e-010
            120	  3.820892e-010
          120.5	  3.396542e-010
            121	  3.594505e-010
          121.5	  3.662222e-010
            122	  3.334212e-010
          122.5	  3.298125e-010
            123	  4.002954e-010
          123.5	  3.805587e-010
            124	  3.865383e-010
          124.5	  3.556397e-010
            125	  3.500797e-010
          125.5	  3.669294e-010
            126	   3.65029e-010
          126.5	  3.188678e-010
            127	  3.605306e-010
          127.5	  3.922762e-010
            128	  3.827119e-010
          128.5	  3.447396e-010
            129	  3.041237e-010
          129.5	  3.360066e-010
            130	  3.302566e-010
          130.5	  3.054877e-010
            131	  3.447961e-010
          131.5	  3.879202e-010
            132	  3.558475e-010
          132.5	  3.563706e-010
            133	  3.743491e-010
          133.5	  2.897808e-010
            134	  3.138747e-010
          134.5	  3.369511e-010
            135	   3.14403e-010
          135.5	   2.98765e-010
            136	  3.021978e-010
          136.5	  3.203238e-010
            137	  3.202068e-010
          137.5	   3.13645e-010
            138	  3.065873e-010
          138.5	  3.018397e-010
            139	  3.416513e-010
          139.5	  3.394007e-010
            140	  3.413506e-010
          140.5	  3.339501e-010
            141	  3.038994e-010
          141.5	  2.670763e-010
            142	  2.986972e-010
          142.5	  2.959156e-010
            143	  2.765806e-010
          143.5	  2.857151e-010
            144	  2.900619e-010
          144.5	  3.360904e-010
            145	   3.61424e-010
          145.5	  3.657431e-010
            146	  3.542807e-010
          146.5	  3.769688e-010
            147	  4.220802e-010
          147.5	  4.150897e-010
            148	  3.752579e-010
          148.5	  3.637922e-010
            149	  4.144665e-010
          149.5	  3.659982e-010
            150	   4.15042e-010
          150.5	  4.800275e-010
            151	  4.593971e-010
          151.5	  4.222308e-010
            152	  4.696264e-010
          152.5	  5.583251e-010
            153	  5.315177e-010
          153.5	   5.00065e-010
            154	  4.920356e-010
          154.5	  4.713452e-010
            155	  4.540713e-010
          155.5	  4.774856e-010
            156	  5.526301e-010
          156.5	  4.722968e-010
            157	  4.887057e-010
          157.5	  5.732609e-010
            158	  6.280578e-010
          158.5	  5.138465e-010
            159	  4.425707e-010
          159.5	  5.339383e-010
            160	  5.269764e-010
          160.5	  4.984855e-010
            161	   5.56534e-010
          161.5	  4.853171e-010
            162	  5.072798e-010
          162.5	   5.17096e-010
            163	  5.261415e-010
          163.5	  4.602302e-010
            164	  4.259042e-010
          164.5	   3.86001e-010
            165	  3.665088e-010
          165.5	  3.541291e-010
            166	  3.703922e-010
          166.5	  3.571267e-010
            167	   4.02988e-010
          167.5	  3.759124e-010
            168	  2.823406e-010
          168.5	  3.046013e-010
            169	  3.597181e-010
          169.5	  3.439794e-010
            170	  3.216467e-010
          170.5	  2.456703e-010
            171	  2.576082e-010
          171.5	  2.744448e-010
            172	  2.271435e-010
          172.5	  2.721144e-010
            173	  2.723766e-010
          173.5	  2.477736e-010
            174	  2.674514e-010
          174.5	  2.631362e-010
            175	  2.465835e-010
          175.5	  2.120964e-010
            176	  1.993172e-010
          176.5	  2.149949e-010
            177	  2.282669e-010
          177.5	  2.557869e-010
            178	  2.443801e-010
          178.5	  2.173714e-010
            179	  1.883572e-010
          179.5	  2.250974e-010
            180	  2.170379e-010
          180.5	  2.472854e-010
            181	  2.466378e-010
          181.5	  2.060459e-010
            182	  2.038735e-010
          182.5	  2.422846e-010
            183	  2.490003e-010
          183.5	  2.433723e-010
            184	  2.162201e-010
          184.5	  2.185042e-010
            185	  2.012403e-010
          185.5	  2.042006e-010
            186	    2.1901e-010
          186.5	  2.090944e-010
            187	  2.129012e-010
          187.5	  2.015803e-010
            188	  1.998324e-010
          188.5	  1.930919e-010
            189	  1.932661e-010
          189.5	  2.007901e-010
            190	  2.107441e-010
          190.5	  2.281396e-010
            191	  2.145851e-010
          191.5	  2.347011e-010
            192	  2.254762e-010
          192.5	  1.739465e-010
            193	  1.680112e-010
          193.5	  1.874273e-010
            194	  2.115241e-010
          194.5	  1.914371e-010
            195	  1.735062e-010
          195.5	  1.946948e-010
            196	  1.992003e-010
          196.5	  1.908073e-010
            197	  1.933428e-010
          197.5	  1.964258e-010
            198	  1.918738e-010
          198.5	  1.926765e-010
            199	  1.805113e-010
          199.5	  1.731071e-010
            200	  1.807769e-010
          200.5	  1.855344e-010
            201	  1.792299e-010
          201.5	   1.81661e-010
            202	  1.734756e-010
          202.5	  1.699547e-010
            203	    2.0396e-010
          203.5	  2.058518e-010
            204	  1.989835e-010
          204.5	  1.748355e-010
            205	  1.682712e-010
          205.5	   1.49491e-010
            206	  1.529797e-010
          206.5	  1.963758e-010
            207	  2.056923e-010
          207.5	  1.857396e-010
            208	  1.811005e-010
          208.5	   1.79384e-010
            209	  1.867194e-010
          209.5	    2.0007e-010
            210	  1.808468e-010
          210.5	  1.634843e-010
            211	  1.605654e-010
          211.5	  1.668578e-010
            212	   1.58235e-010
          212.5	  1.501739e-010
            213	  1.520082e-010
          213.5	  1.564661e-010
            214	  1.554955e-010
          214.5	   1.48574e-010
            215	  1.406096e-010
          215.5	  1.635262e-010
            216	  1.694944e-010
          216.5	  1.678643e-010
            217	  1.696336e-010
          217.5	  1.904745e-010
            218	  2.020649e-010
          218.5	  1.653598e-010
            219	   1.51639e-010
          219.5	  1.631563e-010
            220	  1.596111e-010
          220.5	  1.498986e-010
            221	  1.519586e-010
          221.5	  1.714094e-010
            222	  1.815503e-010
          222.5	  1.731617e-010
            223	     1.485e-010
          223.5	  1.565311e-010
            224	   1.78934e-010
          224.5	  1.829698e-010
            225	  1.857831e-010
          225.5	  1.586842e-010
            226	  1.278046e-010
          226.5	  1.607372e-010
            227	  1.699768e-010
          227.5	  1.536477e-010
            228	  1.545785e-010
          228.5	  1.776716e-010
            229	   1.83411e-010
          229.5	  1.672888e-010
            230	  1.579326e-010
          230.5	  1.474927e-010
            231	  1.477204e-010
          231.5	  1.632034e-010
            232	  1.465745e-010
          232.5	  1.526399e-010
            233	  1.328355e-010
          233.5	  1.286618e-010
            234	  1.409469e-010
          234.5	  1.421018e-010
            235	  1.548934e-010
          235.5	  1.642265e-010
            236	  1.460123e-010
          236.5	   1.50297e-010
            237	  1.526698e-010
          237.5	  1.683542e-010
            238	   1.62379e-010
          238.5	   1.60808e-010
            239	  1.500772e-010
          239.5	  1.362262e-010
            240	   1.43562e-010
          240.5	  1.293068e-010
            241	  1.247523e-010
          241.5	  1.322021e-010
            242	    1.4072e-010
          242.5	  1.688332e-010
            243	  1.608045e-010
          243.5	  1.443127e-010
            244	  1.410181e-010
          244.5	  1.418508e-010
            245	  1.362808e-010
          245.5	  1.148931e-010
            246	  1.208589e-010
          246.5	  1.353483e-010
            247	  1.417776e-010
          247.5	  1.531772e-010
            248	  1.674138e-010
          248.5	  1.540388e-010
            249	  1.497894e-010
          249.5	  1.408012e-010
            250	  1.267739e-010
          250.5	  1.405649e-010
            251	  1.453407e-010
          251.5	  1.593078e-010
            252	  1.664871e-010
          252.5	  1.457876e-010
            253	  1.184954e-010
          253.5	  1.252403e-010
            254	  1.266387e-010
          254.5	  1.292336e-010
            255	  1.561911e-010
          255.5	  1.254045e-010
            256	  1.171693e-010
          256.5	  1.267594e-010
            257	  1.296833e-010
          257.5	  1.340489e-010
            258	  1.178906e-010
          258.5	  1.208834e-010
            259	  1.454718e-010
          259.5	  1.425752e-010
            260	  1.333132e-010
          260.5	  1.350157e-010
            261	  1.432459e-010
          261.5	  1.328923e-010
            262	  1.218682e-010
          262.5	   1.36321e-010
            263	  1.200616e-010
          263.5	  1.087429e-010
            264	  1.128777e-010
          264.5	  1.251853e-010
            265	   1.18442e-010
          265.5	  1.126019e-010
            266	  1.177406e-010
          266.5	  1.050536e-010
            267	  1.088044e-010
          267.5	  1.227502e-010
            268	  1.322127e-010
          268.5	  1.311761e-010
            269	  1.236585e-010
          269.5	  1.127391e-010
            270	   1.28364e-010
          270.5	  1.331166e-010
            271	  1.190424e-010
          271.5	  1.151785e-010
            272	  1.032981e-010
          272.5	  1.013872e-010
            273	  1.206055e-010
          273.5	  1.269346e-010
            274	  1.239181e-010
          274.5	  1.380818e-010
            275	  1.405094e-010
          275.5	  1.205746e-010
            276	  1.335129e-010
          276.5	  1.356129e-010
            277	  1.153795e-010
          277.5	  1.105581e-010
            278	   1.08669e-010
          278.5	   1.11279e-010
            279	  1.211294e-010
          279.5	  1.306378e-010
            280	  1.346155e-010
          280.5	  1.207777e-010
            281	  1.350627e-010
          281.5	   1.27136e-010
            282	  1.270204e-010
          282.5	  1.227769e-010
            283	  1.066925e-010
          283.5	  1.354031e-010
            284	  1.329435e-010
          284.5	  1.271309e-010
            285	  1.312487e-010
          285.5	  1.164119e-010
            286	  9.669327e-011
          286.5	  1.074527e-010
            287	  1.189939e-010
          287.5	  1.175055e-010
            288	  1.231216e-010
          288.5	  1.227322e-010
            289	  1.121002e-010
          289.5	  1.227622e-010
            290	  1.215675e-010
          290.5	   1.24518e-010
            291	   1.20814e-010
          291.5	  1.054738e-010
            292	  1.082275e-010
          292.5	  1.092956e-010
            293	  1.057068e-010
          293.5	  1.051157e-010
            294	  9.876736e-011
          294.5	  1.016463e-010
            295	  1.155739e-010
          295.5	  1.142867e-010
            296	  1.053106e-010
          296.5	  1.072334e-010
            297	  1.195797e-010
          297.5	  1.160381e-010
            298	  1.236068e-010
          298.5	   1.19641e-010
            299	  1.134084e-010
          299.5	   9.67338e-011
            300	  9.104122e-011
          300.5	  1.142974e-010
            301	  1.112752e-010
          301.5	  1.042735e-010
            302	  1.040688e-010
          302.5	  1.133321e-010
            303	  1.286197e-010
          303.5	  1.303607e-010
            304	  1.176703e-010
          304.5	  1.074151e-010
            305	  1.165907e-010
          305.5	   9.99749e-011
            306	  1.032305e-010
          306.5	  1.192907e-010
            307	  1.239396e-010
          307.5	  1.124688e-010
            308	  1.022611e-010
          308.5	  9.542563e-011
            309	  1.226852e-010
          309.5	  1.104912e-010
            310	  1.019361e-010
          310.5	  1.074001e-010
            311	  1.167181e-010
          311.5	  1.050329e-010
            312	  8.647898e-011
          312.5	  9.590198e-011
            313	  1.065633e-010
          313.5	  1.043966e-010
            314	  9.930963e-011
          314.5	  1.006429e-010
            315	  1.180675e-010
          315.5	  1.129899e-010
            316	  1.042589e-010
          316.5	   1.07451e-010
            317	  1.148095e-010
          317.5	   1.10369e-010
            318	  9.953929e-011
          318.5	  1.144981e-010
            319	  1.082686e-010
          319.5	  1.101868e-010
            320	  1.006906e-010
          320.5	  9.289563e-011
            321	  9.941094e-011
          321.5	  9.344679e-011
            322	  9.282442e-011
          322.5	  1.083446e-010
            323	  1.125202e-010
          323.5	  1.054572e-010
            324	  1.124629e-010
          324.5	  1.089783e-010
            325	  1.057271e-010
          325.5	  1.059372e-010
            326	  9.789047e-011
          326.5	  9.187039e-011
            327	  9.133245e-011
          327.5	  1.013447e-010
            328	  1.095684e-010
          328.5	  9.440911e-011
            329	  8.387747e-011
          329.5	  9.647549e-011
            330	  1.007416e-010
          330.5	  1.066215e-010
            331	  1.152644e-010
          331.5	  1.125806e-010
            332	    1.0699e-010
          332.5	  1.070429e-010
            333	  9.781442e-011
          333.5	   9.58261e-011
            334	  8.913773e-011
          334.5	  9.943415e-011
            335	  1.087156e-010
          335.5	  1.063263e-010
            336	  9.799682e-011
          336.5	  1.033679e-010
            337	  1.115378e-010
          337.5	  9.207386e-011
            338	  8.069333e-011
          338.5	  9.229102e-011
            339	  9.183842e-011
          339.5	   9.09206e-011
            340	  7.982761e-011
          340.5	  9.091721e-011
            341	    9.3259e-011
          341.5	  8.335631e-011
            342	  8.895535e-011
          342.5	  1.043825e-010
            343	  1.074727e-010
          343.5	  9.436842e-011
            344	  9.388679e-011
          344.5	   8.58365e-011
            345	  8.605979e-011
          345.5	  9.630535e-011
            346	  9.954691e-011
          346.5	  9.254766e-011
            347	   9.29196e-011
          347.5	  9.974251e-011
            348	   9.56942e-011
          348.5	  9.058022e-011
            349	  9.773161e-011
          349.5	  1.051765e-010
            350	  1.024736e-010
          350.5	  9.941329e-011
            351	  1.011553e-010
          351.5	  1.079445e-010
            352	  9.772452e-011
          352.5	  8.913817e-011
            353	  8.459046e-011
          353.5	  7.941208e-011
            354	  8.984042e-011
          354.5	  9.472276e-011
            355	  9.366374e-011
          355.5	  9.239779e-011
            356	  8.999888e-011
          356.5	  9.088082e-011
            357	  9.253866e-011
          357.5	  1.027742e-010
            358	  9.916366e-011
          358.5	  7.815428e-011
            359	  7.252773e-011
          359.5	  9.419709e-011
            360	  9.401013e-011
          360.5	  8.666558e-011
            361	  8.491237e-011
          361.5	  8.522847e-011
            362	  7.791943e-011
          362.5	  9.467678e-011
            363	  9.709775e-011
          363.5	  1.028862e-010
            364	  9.823621e-011
          364.5	  9.273872e-011
            365	  9.236999e-011
          365.5	   8.18392e-011
            366	  7.972409e-011
          366.5	   7.89682e-011
            367	  8.024034e-011
          367.5	  8.601148e-011
            368	  8.702419e-011
          368.5	  8.426044e-011
            369	   7.81892e-011
          369.5	  7.404603e-011
            370	  8.521375e-011
          370.5	  9.171992e-011
            371	  8.463875e-011
          371.5	  8.787272e-011
            372	  9.695593e-011
          372.5	  9.337975e-011
            373	  7.931156e-011
          373.5	  7.720011e-011
            374	  7.791087e-011
          374.5	  8.968074e-011
            375	  9.280698e-011
          375.5	  9.212213e-011
            376	   9.49363e-011
          376.5	  8.430022e-011
            377	  7.565774e-011
          377.5	  8.170062e-011
            378	  8.717962e-011
          378.5	  8.869207e-011
            379	  7.272023e-011
          379.5	   8.21606e-011
            380	  9.422407e-011
          380.5	  8.116393e-011
            381	  8.193408e-011
          381.5	  8.021647e-011
            382	  7.531311e-011
          382.5	  8.059226e-011
            383	    7.4632e-011
          383.5	  8.131656e-011
            384	  7.475957e-011
          384.5	  7.060455e-011
            385	  6.342254e-011
          385.5	  7.549117e-011
            386	  9.239368e-011
          386.5	  9.540129e-011
            387	   7.96999e-011
          387.5	  7.228303e-011
            388	  7.664023e-011
          388.5	  8.365372e-011
            389	  8.256966e-011
          389.5	  8.054563e-011
            390	  8.319679e-011
          390.5	  8.871735e-011
            391	  8.126633e-011
          391.5	  7.953017e-011
            392	  7.879195e-011
          392.5	  8.841403e-011
            393	   8.42828e-011
          393.5	  7.704164e-011
            394	  9.160277e-011
          394.5	  9.314569e-011
            395	  7.477639e-011
          395.5	  7.338555e-011
            396	  7.101662e-011
          396.5	  7.941774e-011
            397	  7.437165e-011
          397.5	  6.963777e-011
            398	  6.979418e-011
          398.5	  7.971275e-011
            399	  7.629906e-011
          399.5	  7.266675e-011
            400	  7.587043e-011
