Sig Name	G1, 1
Format	Mag	Scaling	EUrms
Chan	1
Chan Name	I1
Point	0 -Z
Ref Point	0 -Z

Hz	in/s
              0	              0
            0.5	  2.727665e-005
              1	  5.059779e-007
            1.5	  2.312501e-007
              2	  1.644698e-007
            2.5	  1.173947e-007
              3	  7.760027e-008
            3.5	  6.294675e-008
              4	  5.733364e-008
            4.5	  4.798818e-008
              5	  3.870564e-008
            5.5	  2.992859e-008
              6	  2.805664e-008
            6.5	  2.463918e-008
              7	  2.033281e-008
            7.5	  1.915651e-008
              8	  2.003815e-008
            8.5	   1.79947e-008
              9	  1.549641e-008
            9.5	  1.504242e-008
             10	  1.474385e-008
           10.5	  1.358921e-008
             11	  1.158828e-008
           11.5	  1.110028e-008
             12	  9.907227e-009
           12.5	  8.509879e-009
             13	  7.882123e-009
           13.5	  7.623115e-009
             14	  7.510335e-009
           14.5	  6.958099e-009
             15	  8.262834e-009
           15.5	  8.606791e-009
             16	  6.389599e-009
           16.5	  6.113916e-009
             17	  6.463171e-009
           17.5	  5.160439e-009
             18	  5.419185e-009
           18.5	   6.47632e-009
             19	  5.567716e-009
           19.5	  5.059759e-009
             20	  4.511978e-009
           20.5	  3.979139e-009
             21	  4.153446e-009
           21.5	  4.275905e-009
             22	  4.615552e-009
           22.5	  4.537851e-009
             23	  4.238465e-009
           23.5	  3.839669e-009
             24	  3.505565e-009
           24.5	  3.446084e-009
             25	  3.578134e-009
           25.5	  3.078169e-009
             26	  3.132662e-009
           26.5	  3.322577e-009
             27	  3.243056e-009
           27.5	  2.809185e-009
             28	  2.981372e-009
           28.5	  3.189858e-009
             29	   3.23754e-009
           29.5	  2.921485e-009
             30	  2.840088e-009
           30.5	  2.615799e-009
             31	   2.34789e-009
           31.5	   2.25005e-009
             32	  2.277277e-009
           32.5	  2.538568e-009
             33	  2.509331e-009
           33.5	  2.496922e-009
             34	  2.540635e-009
           34.5	  2.213276e-009
             35	  1.977598e-009
           35.5	  1.872764e-009
             36	  1.740617e-009
           36.5	  1.818049e-009
             37	  1.997797e-009
           37.5	   2.03782e-009
             38	   2.10941e-009
           38.5	  1.993443e-009
             39	  1.767141e-009
           39.5	  1.615564e-009
             40	  1.895071e-009
           40.5	  1.948721e-009
             41	    1.6816e-009
           41.5	  1.689362e-009
             42	  1.667116e-009
           42.5	  1.676243e-009
             43	  1.613783e-009
           43.5	  1.725387e-009
             44	  1.659285e-009
           44.5	  1.390486e-009
             45	  1.375686e-009
           45.5	  1.395746e-009
             46	  1.296218e-009
           46.5	  1.349489e-009
             47	  1.631138e-009
           47.5	  1.449884e-009
             48	  1.417747e-009
           48.5	  1.527436e-009
             49	  1.183592e-009
           49.5	  1.218425e-009
             50	  1.300676e-009
           50.5	  1.180694e-009
             51	  1.285392e-009
           51.5	  1.270152e-009
             52	  1.153869e-009
           52.5	  1.230414e-009
             53	  1.180515e-009
           53.5	  1.096699e-009
             54	   1.17235e-009
           54.5	  1.101867e-009
             55	  1.099644e-009
           55.5	    1.0511e-009
             56	  9.248829e-010
           56.5	  9.961726e-010
             57	  9.908077e-010
           57.5	  8.920359e-010
             58	  9.092844e-010
           58.5	  1.018582e-009
             59	  1.067326e-009
           59.5	   1.05817e-009
             60	  1.061453e-009
           60.5	  1.041623e-009
             61	  9.867889e-010
           61.5	  9.254966e-010
             62	  8.531163e-010
           62.5	  8.187578e-010
             63	  8.872214e-010
           63.5	  1.043221e-009
             64	  9.142417e-010
           64.5	  8.786958e-010
             65	   8.85734e-010
           65.5	  9.662848e-010
             66	  1.085812e-009
           66.5	  8.714031e-010
             67	  9.192985e-010
           67.5	  9.909352e-010
             68	  9.418238e-010
           68.5	  9.420411e-010
             69	  9.448109e-010
           69.5	  9.287158e-010
             70	  8.009466e-010
           70.5	  7.924689e-010
             71	  8.880678e-010
           71.5	  8.836643e-010
             72	  7.540397e-010
           72.5	   7.06678e-010
             73	  7.517566e-010
           73.5	  7.042855e-010
             74	   5.74052e-010
           74.5	  5.860757e-010
             75	  7.298711e-010
           75.5	  8.137085e-010
             76	  7.232465e-010
           76.5	  6.429288e-010
             77	  6.172645e-010
           77.5	  7.239961e-010
             78	  6.678283e-010
           78.5	  5.623961e-010
             79	  6.074536e-010
           79.5	  7.104913e-010
             80	  6.838403e-010
           80.5	  6.654363e-010
             81	  6.522015e-010
           81.5	  7.275706e-010
             82	   6.70171e-010
           82.5	  6.878156e-010
             83	  6.368569e-010
           83.5	  5.933197e-010
             84	  6.242004e-010
           84.5	  5.886352e-010
             85	  5.890892e-010
           85.5	  6.250457e-010
             86	  5.388768e-010
           86.5	  5.320304e-010
             87	  7.079599e-010
           87.5	  7.272009e-010
             88	   5.92202e-010
           88.5	  5.925512e-010
             89	  4.901973e-010
           89.5	   4.83366e-010
             90	  5.588045e-010
           90.5	  5.946196e-010
             91	   6.74909e-010
           91.5	  5.555399e-010
             92	  5.353539e-010
           92.5	  5.808353e-010
             93	  5.397041e-010
           93.5	  4.949509e-010
             94	  5.591372e-010
           94.5	   5.28138e-010
             95	  4.651166e-010
           95.5	  5.186349e-010
             96	  5.200873e-010
           96.5	  4.597296e-010
             97	  5.084328e-010
           97.5	  4.660469e-010
             98	  4.211726e-010
           98.5	  4.693074e-010
             99	  4.767423e-010
           99.5	   5.10961e-010
            100	   5.13682e-010
          100.5	   5.35967e-010
            101	  4.706188e-010
          101.5	  5.071453e-010
            102	  4.383613e-010
          102.5	  4.200601e-010
            103	  3.748596e-010
          103.5	  4.185008e-010
            104	  4.375718e-010
          104.5	  4.641464e-010
            105	  4.682556e-010
          105.5	  4.956628e-010
            106	  4.176055e-010
          106.5	  4.150117e-010
            107	  4.380343e-010
          107.5	  4.133277e-010
            108	  4.735813e-010
          108.5	   4.87817e-010
            109	  4.454687e-010
          109.5	  4.331169e-010
            110	  4.957496e-010
          110.5	  4.869546e-010
            111	  4.738314e-010
          111.5	  4.266484e-010
            112	  3.362393e-010
          112.5	  3.594262e-010
            113	  4.129198e-010
          113.5	  4.059131e-010
            114	  3.905612e-010
          114.5	  3.692636e-010
            115	  3.693779e-010
          115.5	  3.781505e-010
            116	  3.834892e-010
          116.5	  3.676634e-010
            117	  3.937207e-010
          117.5	  4.275084e-010
            118	  4.191014e-010
          118.5	  3.641425e-010
            119	  3.884396e-010
          119.5	  3.282433e-010
            120	    3.2536e-010
          120.5	  3.665885e-010
            121	  4.281639e-010
          121.5	  4.008173e-010
            122	  3.368699e-010
          122.5	  3.395093e-010
            123	  3.517122e-010
          123.5	  3.771675e-010
            124	  3.641286e-010
          124.5	  3.476834e-010
            125	  3.402899e-010
          125.5	  3.257986e-010
            126	  3.349939e-010
          126.5	   3.85391e-010
            127	  3.853205e-010
          127.5	  3.479448e-010
            128	  3.495966e-010
          128.5	  3.624162e-010
            129	  3.410369e-010
          129.5	  3.504295e-010
            130	  4.017179e-010
          130.5	  3.646072e-010
            131	  3.782804e-010
          131.5	  4.479302e-010
            132	  4.553553e-010
          132.5	  4.739631e-010
            133	  4.365981e-010
          133.5	  4.541389e-010
            134	  4.956925e-010
          134.5	  5.165677e-010
            135	  4.004151e-010
          135.5	  3.985215e-010
            136	  4.148881e-010
          136.5	  4.240314e-010
            137	  4.225102e-010
          137.5	  4.384953e-010
            138	  4.811009e-010
          138.5	  5.413844e-010
            139	  6.309112e-010
          139.5	  5.921245e-010
            140	  4.933944e-010
          140.5	  5.356154e-010
            141	   5.36913e-010
          141.5	  5.373836e-010
            142	  5.006711e-010
          142.5	  4.885976e-010
            143	  5.528309e-010
          143.5	  5.804664e-010
            144	  6.031675e-010
          144.5	  5.717365e-010
            145	  5.803332e-010
          145.5	  5.805495e-010
            146	  6.014012e-010
          146.5	  6.754894e-010
            147	  5.161261e-010
          147.5	  5.215733e-010
            148	  5.846615e-010
          148.5	   5.79335e-010
            149	  5.871665e-010
          149.5	  5.399682e-010
            150	  5.027552e-010
          150.5	  5.103442e-010
            151	  5.065143e-010
          151.5	  5.049181e-010
            152	  4.854516e-010
          152.5	  4.892023e-010
            153	  4.059922e-010
          153.5	  3.515837e-010
            154	  3.600318e-010
          154.5	  3.603178e-010
            155	  3.653249e-010
          155.5	  3.382671e-010
            156	  2.781447e-010
          156.5	  2.638342e-010
            157	  2.797954e-010
          157.5	  3.292919e-010
            158	   3.04606e-010
          158.5	    3.0431e-010
            159	   2.95955e-010
          159.5	  2.436947e-010
            160	  2.478432e-010
          160.5	  2.691171e-010
            161	  2.810756e-010
          161.5	  2.894045e-010
            162	  2.679372e-010
          162.5	  2.544528e-010
            163	  2.291512e-010
          163.5	  2.308274e-010
            164	  2.242967e-010
          164.5	  2.417714e-010
            165	  2.368936e-010
          165.5	  2.266673e-010
            166	  2.243018e-010
          166.5	  2.310115e-010
            167	  2.417546e-010
          167.5	  2.392586e-010
            168	  2.480523e-010
          168.5	  2.804571e-010
            169	  2.658448e-010
          169.5	  2.476606e-010
            170	  2.462778e-010
          170.5	  2.435118e-010
            171	   2.51991e-010
          171.5	  2.159871e-010
            172	  2.009674e-010
          172.5	  2.117919e-010
            173	  2.248154e-010
          173.5	  2.362261e-010
            174	  2.637164e-010
          174.5	  2.316718e-010
            175	  2.411384e-010
          175.5	  2.172588e-010
            176	  2.162939e-010
          176.5	  2.403076e-010
            177	  2.564199e-010
          177.5	  2.228899e-010
            178	   2.23738e-010
          178.5	  2.162241e-010
            179	  2.159971e-010
          179.5	  2.130986e-010
            180	  2.184702e-010
          180.5	   1.90847e-010
            181	   2.16827e-010
          181.5	  2.302223e-010
            182	  2.319909e-010
          182.5	  2.067007e-010
            183	  2.194886e-010
          183.5	  2.293657e-010
            184	  1.994011e-010
          184.5	  1.899777e-010
            185	  2.205353e-010
          185.5	  2.557629e-010
            186	  2.297445e-010
          186.5	  2.063301e-010
            187	  1.882779e-010
          187.5	  1.957046e-010
            188	  1.913808e-010
          188.5	  1.995857e-010
            189	    2.1801e-010
          189.5	  2.034734e-010
            190	  1.982185e-010
          190.5	  1.774122e-010
            191	  1.853867e-010
          191.5	  2.408733e-010
            192	  2.278704e-010
          192.5	  2.103056e-010
            193	  1.957409e-010
          193.5	  1.728704e-010
            194	  1.871594e-010
          194.5	  2.163372e-010
            195	  2.329081e-010
          195.5	  1.933042e-010
            196	  1.798831e-010
          196.5	  2.339655e-010
            197	  2.166656e-010
          197.5	  1.841265e-010
            198	    1.4627e-010
          198.5	  1.806821e-010
            199	  2.043027e-010
          199.5	  1.757013e-010
            200	  1.781265e-010
          200.5	  2.047474e-010
            201	  2.036803e-010
          201.5	  1.815817e-010
            202	  1.616651e-010
          202.5	  1.821933e-010
            203	  1.878445e-010
          203.5	  1.795446e-010
            204	  1.626754e-010
          204.5	   1.57527e-010
            205	  1.552066e-010
          205.5	  1.801076e-010
            206	  1.688677e-010
          206.5	  1.796577e-010
            207	  1.883192e-010
          207.5	  1.899856e-010
            208	  1.892333e-010
          208.5	  1.688457e-010
            209	  1.808299e-010
          209.5	  1.812167e-010
            210	  1.622814e-010
          210.5	     1.811e-010
            211	  1.990269e-010
          211.5	  2.111086e-010
            212	  1.778062e-010
          212.5	   1.64957e-010
            213	  1.652367e-010
          213.5	  1.736627e-010
            214	  2.072342e-010
          214.5	  2.352626e-010
            215	  2.115971e-010
          215.5	  2.033973e-010
            216	  1.810107e-010
          216.5	  1.722509e-010
            217	  1.642587e-010
          217.5	  1.997354e-010
            218	  1.897827e-010
          218.5	  1.545832e-010
            219	  1.668268e-010
          219.5	  1.755081e-010
            220	  1.605786e-010
          220.5	  1.600491e-010
            221	  1.811976e-010
          221.5	  1.617018e-010
            222	  1.628968e-010
          222.5	  1.678199e-010
            223	  1.989332e-010
          223.5	  1.814888e-010
            224	  1.623832e-010
          224.5	  1.668316e-010
            225	  1.654952e-010
          225.5	    1.5791e-010
            226	  1.600405e-010
          226.5	  1.763076e-010
            227	  1.691332e-010
          227.5	  1.765048e-010
            228	  1.642771e-010
          228.5	  1.563437e-010
            229	    1.5297e-010
          229.5	  1.716911e-010
            230	  1.937662e-010
          230.5	  1.546353e-010
            231	   1.58698e-010
          231.5	  1.639764e-010
            232	  1.535886e-010
          232.5	  1.444141e-010
            233	  1.473549e-010
          233.5	  1.589675e-010
            234	  1.517292e-010
          234.5	  1.565165e-010
            235	  1.667216e-010
          235.5	  1.513385e-010
            236	  1.517973e-010
          236.5	  1.457375e-010
            237	  1.323819e-010
          237.5	  1.384103e-010
            238	  1.632567e-010
          238.5	   1.77166e-010
            239	   1.80161e-010
          239.5	  1.664457e-010
            240	  1.456934e-010
          240.5	  1.542195e-010
            241	  1.611414e-010
          241.5	  1.601733e-010
            242	  1.564034e-010
          242.5	  1.431408e-010
            243	  1.586106e-010
          243.5	  1.432561e-010
            244	  1.236846e-010
          244.5	  1.372889e-010
            245	  1.246518e-010
          245.5	  1.051484e-010
            246	  1.226256e-010
          246.5	  1.449247e-010
            247	  1.504188e-010
          247.5	  1.426093e-010
            248	  1.292415e-010
          248.5	  1.422428e-010
            249	  1.560167e-010
          249.5	  1.568728e-010
            250	  1.527348e-010
          250.5	  1.452285e-010
            251	  1.387706e-010
          251.5	  1.486418e-010
            252	   1.52966e-010
          252.5	  1.366992e-010
            253	  1.379742e-010
          253.5	  1.202826e-010
            254	  1.267691e-010
          254.5	   1.50083e-010
            255	  1.740972e-010
          255.5	  1.548307e-010
            256	  1.360675e-010
          256.5	  1.406239e-010
            257	  1.510223e-010
          257.5	  1.301033e-010
            258	  1.413987e-010
          258.5	   1.47837e-010
            259	  1.526052e-010
          259.5	  1.441682e-010
            260	  1.303619e-010
          260.5	  1.217929e-010
            261	  1.376081e-010
          261.5	  1.540306e-010
            262	  1.393142e-010
          262.5	  1.243973e-010
            263	   1.26493e-010
          263.5	  1.274233e-010
            264	  1.196168e-010
          264.5	  1.324659e-010
            265	  1.388754e-010
          265.5	  1.347077e-010
            266	   1.27183e-010
          266.5	  1.214084e-010
            267	  1.245535e-010
          267.5	  1.152444e-010
            268	   1.28526e-010
          268.5	  1.168636e-010
            269	  1.446201e-010
          269.5	  1.468201e-010
            270	   1.41699e-010
          270.5	  1.489226e-010
            271	  1.424942e-010
          271.5	  1.170686e-010
            272	  1.153046e-010
          272.5	  1.113511e-010
            273	  1.267661e-010
          273.5	  1.368637e-010
            274	   1.32751e-010
          274.5	  1.177415e-010
            275	  9.731788e-011
          275.5	  1.219871e-010
            276	  1.376238e-010
          276.5	  1.231632e-010
            277	   1.44417e-010
          277.5	  1.245104e-010
            278	  1.156753e-010
          278.5	   1.06764e-010
            279	  1.089741e-010
          279.5	  1.170352e-010
            280	  1.160918e-010
          280.5	  1.308859e-010
            281	  1.242014e-010
          281.5	   1.18004e-010
            282	   1.37188e-010
          282.5	  1.268811e-010
            283	  1.151836e-010
          283.5	  1.104246e-010
            284	  1.074945e-010
          284.5	  1.038393e-010
            285	  1.143632e-010
          285.5	  1.008332e-010
            286	  1.154155e-010
          286.5	  1.207429e-010
            287	  1.112847e-010
          287.5	  1.139381e-010
            288	  1.172391e-010
          288.5	  1.042176e-010
            289	  1.068055e-010
          289.5	    1.0339e-010
            290	  1.117316e-010
          290.5	  1.204156e-010
            291	  1.151215e-010
          291.5	   1.18636e-010
            292	   1.21967e-010
          292.5	  1.124728e-010
            293	   1.10497e-010
          293.5	  1.117132e-010
            294	  1.158568e-010
          294.5	  1.191265e-010
            295	  1.190583e-010
          295.5	  1.197527e-010
            296	  1.190834e-010
          296.5	  1.182545e-010
            297	  1.142521e-010
          297.5	  1.219844e-010
            298	    1.3083e-010
          298.5	  1.188706e-010
            299	  1.130518e-010
          299.5	  1.134152e-010
            300	  1.075437e-010
          300.5	  1.047423e-010
            301	  1.004501e-010
          301.5	  9.824716e-011
            302	  1.085184e-010
          302.5	  1.263161e-010
            303	  1.290736e-010
          303.5	  1.086648e-010
            304	  1.142921e-010
          304.5	  1.132309e-010
            305	  1.135194e-010
          305.5	  1.071561e-010
            306	  1.090533e-010
          306.5	  1.180537e-010
            307	  1.082564e-010
          307.5	  1.108241e-010
            308	  1.115004e-010
          308.5	  1.180696e-010
            309	  1.225673e-010
          309.5	  1.124852e-010
            310	  1.123618e-010
          310.5	  1.044823e-010
            311	    9.4077e-011
          311.5	   1.22097e-010
            312	  1.135851e-010
          312.5	   9.65609e-011
            313	  9.125818e-011
          313.5	   1.01722e-010
            314	  1.054901e-010
          314.5	  1.025889e-010
            315	  1.034795e-010
          315.5	  1.114158e-010
            316	  1.112424e-010
          316.5	  1.154537e-010
            317	   1.10137e-010
          317.5	  1.062041e-010
            318	  9.441753e-011
          318.5	  1.077726e-010
            319	  1.013351e-010
          319.5	  1.056772e-010
            320	  1.104935e-010
          320.5	  1.014706e-010
            321	  9.769379e-011
          321.5	  8.971125e-011
            322	  9.793093e-011
          322.5	  1.027363e-010
            323	   1.22534e-010
          323.5	  1.277126e-010
            324	   1.04543e-010
          324.5	  1.015428e-010
            325	  9.201608e-011
          325.5	  8.507541e-011
            326	  9.841451e-011
          326.5	  1.123033e-010
            327	  1.066017e-010
          327.5	  8.449797e-011
            328	   8.74114e-011
          328.5	  9.491082e-011
            329	  8.152855e-011
          329.5	  8.547532e-011
            330	   9.04386e-011
          330.5	  8.764073e-011
            331	  9.106334e-011
          331.5	  1.028482e-010
            332	  8.102296e-011
          332.5	  9.538772e-011
            333	  1.002177e-010
          333.5	   8.49757e-011
            334	  9.861238e-011
          334.5	  9.368948e-011
            335	  1.038536e-010
          335.5	   1.00904e-010
            336	  9.059745e-011
          336.5	  9.688199e-011
            337	  8.515762e-011
          337.5	  8.111734e-011
            338	  9.476195e-011
          338.5	  9.431986e-011
            339	   8.22628e-011
          339.5	  1.003843e-010
            340	  1.098096e-010
          340.5	   8.45701e-011
            341	  7.817385e-011
          341.5	  7.782746e-011
            342	  8.646839e-011
          342.5	   9.90596e-011
            343	  9.770081e-011
          343.5	  1.034928e-010
            344	  9.497118e-011
          344.5	  9.018263e-011
            345	  9.144124e-011
          345.5	  9.551764e-011
            346	  9.794693e-011
          346.5	  9.615402e-011
            347	  1.141573e-010
          347.5	  1.024004e-010
            348	  8.770697e-011
          348.5	  9.101198e-011
            349	  8.864953e-011
          349.5	  8.160758e-011
            350	  8.597698e-011
          350.5	  8.942342e-011
            351	  1.073992e-010
          351.5	   1.09827e-010
            352	  8.987599e-011
          352.5	  9.983583e-011
            353	  9.668569e-011
          353.5	  8.119504e-011
            354	  8.798877e-011
          354.5	  9.465358e-011
            355	  9.133416e-011
          355.5	  9.436908e-011
            356	  8.453716e-011
          356.5	  8.966996e-011
            357	  1.042004e-010
          357.5	  1.053468e-010
            358	  9.281542e-011
          358.5	  8.778991e-011
            359	  9.307152e-011
          359.5	   9.40417e-011
            360	  8.287823e-011
          360.5	  7.957463e-011
            361	  8.765651e-011
          361.5	  1.147005e-010
            362	  1.011573e-010
          362.5	  8.686295e-011
            363	  8.309805e-011
          363.5	  8.288767e-011
            364	  9.279817e-011
          364.5	   1.00806e-010
            365	  9.743995e-011
          365.5	  8.803583e-011
            366	  8.648757e-011
          366.5	  9.287002e-011
            367	  8.322529e-011
          367.5	  8.637577e-011
            368	  8.248128e-011
          368.5	  8.958453e-011
            369	  9.047567e-011
          369.5	  7.882574e-011
            370	  9.227617e-011
          370.5	  7.952843e-011
            371	  7.595987e-011
          371.5	  8.059997e-011
            372	  7.797648e-011
          372.5	  8.548129e-011
            373	  8.507244e-011
          373.5	  8.544071e-011
            374	  8.264997e-011
          374.5	  8.412707e-011
            375	  8.539947e-011
          375.5	   8.68276e-011
            376	  8.275505e-011
          376.5	  7.306467e-011
            377	  7.481003e-011
          377.5	  8.012734e-011
            378	  7.864438e-011
          378.5	  7.191448e-011
            379	  8.183053e-011
          379.5	  8.130778e-011
            380	    8.1129e-011
          380.5	  7.939049e-011
            381	  7.187891e-011
          381.5	  7.022143e-011
            382	  7.768353e-011
          382.5	  7.905349e-011
            383	  8.571433e-011
          383.5	   9.05721e-011
            384	  7.826548e-011
          384.5	   8.49846e-011
            385	  8.215635e-011
          385.5	  8.003393e-011
            386	  8.895966e-011
          386.5	  8.148852e-011
            387	   8.80022e-011
          387.5	  8.470299e-011
            388	  8.826725e-011
          388.5	  7.838359e-011
            389	   7.30461e-011
          389.5	  7.399398e-011
            390	   7.98469e-011
          390.5	  6.666056e-011
            391	  6.357048e-011
          391.5	  7.546951e-011
            392	  8.313795e-011
          392.5	  8.349092e-011
            393	  7.734508e-011
          393.5	  7.022852e-011
            394	  7.977152e-011
          394.5	  8.507296e-011
            395	  7.691889e-011
          395.5	  8.063792e-011
            396	   8.78169e-011
          396.5	  8.792091e-011
            397	  8.045143e-011
          397.5	  8.567554e-011
            398	   8.78231e-011
          398.5	  7.457772e-011
            399	  7.669373e-011
          399.5	  8.083953e-011
            400	   7.44274e-011
