Sig Name	G1, 1
Format	Mag	Scaling	EUrms
Chan	1
Chan Name	I1

Hz	in/s
              0	              0
            0.5	  1.062001e-005
              1	  4.581682e-007
            1.5	   2.28745e-007
              2	  1.594989e-007
            2.5	  1.008617e-007
              3	  7.880566e-008
            3.5	  5.930054e-008
              4	  5.260418e-008
            4.5	  4.504695e-008
              5	  4.213511e-008
            5.5	  3.289496e-008
              6	  3.099739e-008
            6.5	  2.900746e-008
              7	  2.485543e-008
            7.5	  2.004153e-008
              8	  2.130272e-008
            8.5	    2.0392e-008
              9	  1.722213e-008
            9.5	  1.607401e-008
             10	  1.415967e-008
           10.5	  1.330792e-008
             11	  1.193521e-008
           11.5	  1.048298e-008
             12	  9.478778e-009
           12.5	  8.228824e-009
             13	  8.667771e-009
           13.5	  8.881418e-009
             14	  8.842933e-009
           14.5	  7.537452e-009
             15	  6.813753e-009
           15.5	  6.562495e-009
             16	  6.857249e-009
           16.5	  6.569339e-009
             17	  6.812357e-009
           17.5	  6.162757e-009
             18	  6.424469e-009
           18.5	  6.381216e-009
             19	  5.580481e-009
           19.5	  4.668995e-009
             20	  4.079354e-009
           20.5	  3.791314e-009
             21	  3.857004e-009
           21.5	  4.358065e-009
             22	  4.487986e-009
           22.5	  4.541089e-009
             23	  4.149693e-009
           23.5	  3.630194e-009
             24	  3.725103e-009
           24.5	  3.808874e-009
             25	  3.220712e-009
           25.5	  2.981562e-009
             26	  3.030384e-009
           26.5	  2.750889e-009
             27	   2.74868e-009
           27.5	  2.687076e-009
             28	  2.655293e-009
           28.5	  2.614255e-009
             29	  2.536973e-009
           29.5	  2.766706e-009
             30	  2.639534e-009
           30.5	  2.612186e-009
             31	  3.095622e-009
           31.5	   2.70357e-009
             32	  2.246717e-009
           32.5	  2.472789e-009
             33	  2.485437e-009
           33.5	  2.450384e-009
             34	  2.402886e-009
           34.5	  2.579968e-009
             35	  2.425968e-009
           35.5	  2.117164e-009
             36	  2.014174e-009
           36.5	  1.755181e-009
             37	  2.027363e-009
           37.5	  2.134409e-009
             38	  1.855219e-009
           38.5	  1.870227e-009
             39	  1.696805e-009
           39.5	  1.696013e-009
             40	  1.734283e-009
           40.5	  1.757547e-009
             41	  1.816524e-009
           41.5	   1.81623e-009
             42	  1.921646e-009
           42.5	  1.760485e-009
             43	  1.592465e-009
           43.5	  1.427083e-009
             44	  1.585843e-009
           44.5	  1.324194e-009
             45	   1.39247e-009
           45.5	  1.351268e-009
             46	  1.539068e-009
           46.5	  1.471605e-009
             47	  1.432764e-009
           47.5	  1.462604e-009
             48	  1.447278e-009
           48.5	  1.241864e-009
             49	  1.208336e-009
           49.5	  1.245202e-009
             50	  1.289214e-009
           50.5	  1.393024e-009
             51	  1.188619e-009
           51.5	  1.063184e-009
             52	  1.171412e-009
           52.5	   1.26926e-009
             53	  1.144308e-009
           53.5	  1.058267e-009
             54	  1.098682e-009
           54.5	  1.047859e-009
             55	  1.126283e-009
           55.5	  1.104463e-009
             56	  1.090155e-009
           56.5	  1.120448e-009
             57	  1.068735e-009
           57.5	  1.039854e-009
             58	  1.013407e-009
           58.5	    1.0106e-009
             59	  9.657405e-010
           59.5	  5.127833e-009
             60	  9.500024e-009
           60.5	  4.537192e-009
             61	  8.407409e-010
           61.5	   8.98875e-010
             62	  1.014621e-009
           62.5	  9.908204e-010
             63	  9.232975e-010
           63.5	  9.810278e-010
             64	   9.06336e-010
           64.5	  8.924565e-010
             65	  7.960669e-010
           65.5	   6.72642e-010
             66	  7.631648e-010
           66.5	   8.19031e-010
             67	  8.661288e-010
           67.5	  9.876557e-010
             68	  9.202338e-010
           68.5	  7.787906e-010
             69	  7.998502e-010
           69.5	  7.721017e-010
             70	  7.504353e-010
           70.5	  7.264707e-010
             71	  7.487189e-010
           71.5	  7.031655e-010
             72	   7.46651e-010
           72.5	  8.510416e-010
             73	  7.938107e-010
           73.5	  8.009862e-010
             74	  7.495719e-010
           74.5	  7.243183e-010
             75	  7.295098e-010
           75.5	  7.423144e-010
             76	  6.909566e-010
           76.5	  6.829674e-010
             77	   6.91199e-010
           77.5	  6.523633e-010
             78	  6.737187e-010
           78.5	  6.619033e-010
             79	  6.310562e-010
           79.5	   6.23528e-010
             80	  6.598402e-010
           80.5	  6.055041e-010
             81	  7.145597e-010
           81.5	  6.897727e-010
             82	   6.36872e-010
           82.5	  6.427781e-010
             83	  6.313293e-010
           83.5	  5.829359e-010
             84	  5.070607e-010
           84.5	   5.27778e-010
             85	  5.213236e-010
           85.5	  5.332297e-010
             86	  5.812025e-010
           86.5	  6.075858e-010
             87	   6.18336e-010
           87.5	   6.21853e-010
             88	  7.034473e-010
           88.5	  6.728613e-010
             89	  6.490481e-010
           89.5	  5.100565e-010
             90	  4.607899e-010
           90.5	  4.758243e-010
             91	  5.374011e-010
           91.5	  6.238219e-010
             92	   6.04607e-010
           92.5	  5.560864e-010
             93	  5.465141e-010
           93.5	  5.906656e-010
             94	  5.165621e-010
           94.5	  4.840061e-010
             95	  4.747808e-010
           95.5	  4.830862e-010
             96	  5.281667e-010
           96.5	   6.09965e-010
             97	  5.058679e-010
           97.5	  5.019541e-010
             98	  4.965739e-010
           98.5	   4.51651e-010
             99	  4.603825e-010
           99.5	  5.071199e-010
            100	   4.59156e-010
          100.5	  4.973525e-010
            101	   4.49762e-010
          101.5	   4.01128e-010
            102	  4.399387e-010
          102.5	  4.465782e-010
            103	  5.057207e-010
          103.5	  4.587866e-010
            104	  4.578871e-010
          104.5	  4.758475e-010
            105	  4.835235e-010
          105.5	  4.733484e-010
            106	  4.945927e-010
          106.5	  4.561308e-010
            107	  4.155254e-010
          107.5	  3.650866e-010
            108	  4.483402e-010
          108.5	   4.73441e-010
            109	  3.785619e-010
          109.5	  3.573989e-010
            110	  3.968421e-010
          110.5	   4.34525e-010
            111	  4.224333e-010
          111.5	  3.732148e-010
            112	  3.528015e-010
          112.5	  4.110564e-010
            113	  4.182245e-010
          113.5	  4.533258e-010
            114	  4.239252e-010
          114.5	  3.940037e-010
            115	  3.888555e-010
          115.5	  3.969435e-010
            116	  3.650039e-010
          116.5	  4.014415e-010
            117	  4.062301e-010
          117.5	  3.263244e-010
            118	  3.397571e-010
          118.5	  3.482934e-010
            119	  3.846866e-010
          119.5	  4.095755e-010
            120	  3.663321e-010
          120.5	  3.820528e-010
            121	  3.785076e-010
          121.5	  3.637601e-010
            122	  3.970085e-010
          122.5	  3.836071e-010
            123	  3.349002e-010
          123.5	  3.328909e-010
            124	  3.281191e-010
          124.5	  3.552947e-010
            125	  3.257132e-010
          125.5	   3.42788e-010
            126	  3.643202e-010
          126.5	  3.762692e-010
            127	  3.518137e-010
          127.5	  3.697392e-010
            128	  4.045664e-010
          128.5	  3.371599e-010
            129	  3.051915e-010
          129.5	  3.377244e-010
            130	  3.381641e-010
          130.5	  3.448053e-010
            131	  3.516942e-010
          131.5	  3.578027e-010
            132	  3.429262e-010
          132.5	  3.201763e-010
            133	  3.190269e-010
          133.5	  3.278769e-010
            134	  3.607406e-010
          134.5	   3.03999e-010
            135	  2.800539e-010
          135.5	  3.248189e-010
            136	  3.264774e-010
          136.5	  2.895064e-010
            137	  2.671866e-010
          137.5	  3.172456e-010
            138	  3.578536e-010
          138.5	  3.394306e-010
            139	  3.235285e-010
          139.5	  3.340433e-010
            140	  3.111947e-010
          140.5	  2.991256e-010
            141	  3.117664e-010
          141.5	  2.953714e-010
            142	  2.925898e-010
          142.5	  3.107551e-010
            143	  3.404833e-010
          143.5	  3.130091e-010
            144	  2.996638e-010
          144.5	  3.077853e-010
            145	   3.56155e-010
          145.5	  3.260919e-010
            146	  3.174113e-010
          146.5	  3.321437e-010
            147	  3.155157e-010
          147.5	  3.285947e-010
            148	  3.210522e-010
          148.5	  2.951868e-010
            149	  3.738286e-010
          149.5	  3.513841e-010
            150	  3.151824e-010
          150.5	  3.648637e-010
            151	  4.162718e-010
          151.5	  3.942063e-010
            152	  3.956898e-010
          152.5	  4.544576e-010
            153	  4.468251e-010
          153.5	  4.264524e-010
            154	  3.973946e-010
          154.5	  4.889239e-010
            155	  5.545465e-010
          155.5	  5.495406e-010
            156	  5.202127e-010
          156.5	  4.874286e-010
            157	  5.027641e-010
          157.5	  5.619757e-010
            158	  6.594588e-010
          158.5	  6.419935e-010
            159	  5.596452e-010
          159.5	   5.86885e-010
            160	  5.753371e-010
          160.5	  5.765219e-010
            161	  5.359516e-010
          161.5	  5.161519e-010
            162	  4.935321e-010
          162.5	  5.191728e-010
            163	  5.485323e-010
          163.5	  4.819704e-010
            164	  4.341021e-010
          164.5	  4.345928e-010
            165	   4.14861e-010
          165.5	  4.217073e-010
            166	  3.832806e-010
          166.5	  3.283803e-010
            167	   3.05097e-010
          167.5	  2.499666e-010
            168	   2.52462e-010
          168.5	  2.963592e-010
            169	  2.757186e-010
          169.5	  2.834029e-010
            170	  2.870207e-010
          170.5	  2.697969e-010
            171	  2.825297e-010
          171.5	  2.553956e-010
            172	  2.199891e-010
          172.5	  2.255782e-010
            173	  2.396582e-010
          173.5	  2.590739e-010
            174	  2.526557e-010
          174.5	   2.48557e-010
            175	  2.520976e-010
          175.5	  2.333886e-010
            176	  2.114115e-010
          176.5	  2.075601e-010
            177	  2.476307e-010
          177.5	  2.262629e-010
            178	  2.523439e-010
          178.5	  2.484324e-010
            179	  1.935275e-010
          179.5	   1.83043e-010
            180	  2.139553e-010
          180.5	  2.289781e-010
            181	  2.164449e-010
          181.5	  2.419812e-010
            182	  2.493146e-010
          182.5	  2.232319e-010
            183	  1.989007e-010
          183.5	  2.209218e-010
            184	  2.183317e-010
          184.5	  2.355143e-010
            185	  2.190873e-010
          185.5	  2.134137e-010
            186	   2.23508e-010
          186.5	  2.169306e-010
            187	  2.352806e-010
          187.5	  2.480983e-010
            188	  2.134136e-010
          188.5	  1.696351e-010
            189	  1.760261e-010
          189.5	  1.732878e-010
            190	  1.840006e-010
          190.5	  2.128541e-010
            191	  2.155602e-010
          191.5	  2.189595e-010
            192	  2.075634e-010
          192.5	  1.919143e-010
            193	   2.02272e-010
          193.5	  2.079507e-010
            194	  2.138231e-010
          194.5	  1.932313e-010
            195	  1.936737e-010
          195.5	  2.107976e-010
            196	  2.087308e-010
          196.5	  1.772425e-010
            197	  1.882312e-010
          197.5	  1.933106e-010
            198	   1.95202e-010
          198.5	  1.890297e-010
            199	  2.178875e-010
          199.5	  1.958221e-010
            200	  1.715586e-010
          200.5	   1.62896e-010
            201	  1.795656e-010
          201.5	  1.964539e-010
            202	  1.876434e-010
          202.5	   2.10987e-010
            203	  1.980509e-010
          203.5	  1.933469e-010
            204	  2.009747e-010
          204.5	  1.699437e-010
            205	  1.877137e-010
          205.5	  2.173196e-010
            206	  1.831836e-010
          206.5	  1.573484e-010
            207	    1.5984e-010
          207.5	  1.592792e-010
            208	  1.462589e-010
          208.5	  1.516186e-010
            209	  1.866433e-010
          209.5	  1.810914e-010
            210	  1.645315e-010
          210.5	  1.734065e-010
            211	  1.742903e-010
          211.5	  1.845505e-010
            212	  1.952726e-010
          212.5	   2.04402e-010
            213	  1.728253e-010
          213.5	  1.727087e-010
            214	  1.865681e-010
          214.5	  1.662391e-010
            215	   1.63455e-010
          215.5	  1.691532e-010
            216	  1.700372e-010
          216.5	  1.785591e-010
            217	  1.718324e-010
          217.5	  1.597428e-010
            218	  1.595207e-010
          218.5	  1.681461e-010
            219	  1.864812e-010
          219.5	  1.664004e-010
            220	  1.444567e-010
          220.5	  1.456556e-010
            221	  1.371927e-010
          221.5	  1.592356e-010
            222	  1.798739e-010
          222.5	  1.897511e-010
            223	  1.702475e-010
          223.5	  1.523312e-010
            224	  1.445224e-010
          224.5	  1.594326e-010
            225	  1.800275e-010
          225.5	  1.725483e-010
            226	  1.593431e-010
          226.5	  1.596914e-010
            227	   1.46763e-010
          227.5	   1.44698e-010
            228	  1.550894e-010
          228.5	  1.486536e-010
            229	  1.636123e-010
          229.5	  1.576866e-010
            230	   1.37402e-010
          230.5	  1.543734e-010
            231	   1.72359e-010
          231.5	  1.573394e-010
            232	  1.582235e-010
          232.5	  1.475876e-010
            233	  1.372576e-010
          233.5	  1.368261e-010
            234	   1.27539e-010
          234.5	  1.390536e-010
            235	  1.398681e-010
          235.5	  1.542962e-010
            236	    1.6253e-010
          236.5	   1.34462e-010
            237	  1.445722e-010
          237.5	  1.468264e-010
            238	  1.503768e-010
          238.5	  1.467218e-010
            239	  1.383368e-010
          239.5	  1.377684e-010
            240	  1.419012e-010
          240.5	  1.484709e-010
            241	  1.554375e-010
          241.5	  1.617592e-010
            242	  1.576495e-010
          242.5	  1.387715e-010
            243	  1.457517e-010
          243.5	  1.409735e-010
            244	  1.377318e-010
          244.5	  1.421396e-010
            245	  1.347169e-010
          245.5	  1.268047e-010
            246	  1.417571e-010
          246.5	    1.4252e-010
            247	  1.437855e-010
          247.5	  1.328727e-010
            248	  1.340546e-010
          248.5	  1.333734e-010
            249	  1.331043e-010
          249.5	  1.216194e-010
            250	   1.20787e-010
          250.5	  1.248869e-010
            251	  1.254483e-010
          251.5	  1.209213e-010
            252	  1.397975e-010
          252.5	  1.422338e-010
            253	  1.316763e-010
          253.5	  1.359985e-010
            254	  1.293688e-010
          254.5	  1.369906e-010
            255	  1.421651e-010
          255.5	  1.285593e-010
            256	  1.374179e-010
          256.5	  1.374392e-010
            257	  1.125181e-010
          257.5	  1.240801e-010
            258	  1.409375e-010
          258.5	  1.317549e-010
            259	   1.37977e-010
          259.5	  1.311491e-010
            260	   1.21065e-010
          260.5	   1.13997e-010
            261	  1.089341e-010
          261.5	  1.264027e-010
            262	  1.220098e-010
          262.5	  1.402039e-010
            263	  1.351067e-010
          263.5	  1.295971e-010
            264	  1.368066e-010
          264.5	  1.252794e-010
            265	  1.202614e-010
          265.5	  1.173155e-010
            266	  1.238691e-010
          266.5	  1.399185e-010
            267	  1.384835e-010
          267.5	  1.238415e-010
            268	  1.300617e-010
          268.5	  1.337725e-010
            269	  1.252833e-010
          269.5	  1.341117e-010
            270	  1.205881e-010
          270.5	  1.121559e-010
            271	  1.369108e-010
          271.5	  1.293307e-010
            272	  1.298504e-010
          272.5	  1.415461e-010
            273	  1.221559e-010
          273.5	  1.115545e-010
            274	  1.171933e-010
          274.5	  1.055675e-010
            275	  1.094251e-010
          275.5	  1.223437e-010
            276	  1.277525e-010
          276.5	  1.228836e-010
            277	  1.068829e-010
          277.5	  1.195394e-010
            278	  1.412553e-010
          278.5	  1.339165e-010
            279	  1.217463e-010
          279.5	  1.126922e-010
            280	  1.067988e-010
          280.5	  1.054318e-010
            281	  1.241841e-010
          281.5	  1.202881e-010
            282	  1.049233e-010
          282.5	  1.115852e-010
            283	  1.337082e-010
          283.5	  1.158353e-010
            284	  9.621329e-011
          284.5	  1.094078e-010
            285	  1.241483e-010
          285.5	  1.202287e-010
            286	  1.241013e-010
          286.5	  1.039209e-010
            287	  1.003152e-010
          287.5	  1.129527e-010
            288	  1.274656e-010
          288.5	  1.199125e-010
            289	  1.173974e-010
          289.5	  1.092928e-010
            290	  1.147739e-010
          290.5	  1.291508e-010
            291	  1.092797e-010
          291.5	  1.202939e-010
            292	  1.340796e-010
          292.5	   1.17749e-010
            293	  1.174181e-010
          293.5	  1.104283e-010
            294	  1.181116e-010
          294.5	  1.000276e-010
            295	  9.163874e-011
          295.5	   1.06367e-010
            296	  1.109339e-010
          296.5	  1.039593e-010
            297	  1.101789e-010
          297.5	  1.130574e-010
            298	  1.221692e-010
          298.5	  1.166496e-010
            299	  1.078078e-010
          299.5	  1.535467e-010
            300	  1.901564e-010
          300.5	  1.142353e-010
            301	   1.11949e-010
          301.5	  1.119236e-010
            302	  1.141687e-010
          302.5	  1.276623e-010
            303	   1.11261e-010
          303.5	  1.117889e-010
            304	  1.103432e-010
          304.5	  1.089441e-010
            305	   1.05774e-010
          305.5	  1.092291e-010
            306	  1.141658e-010
          306.5	  1.106008e-010
            307	   1.04691e-010
          307.5	   1.11626e-010
            308	  1.057811e-010
          308.5	  1.058369e-010
            309	  1.127564e-010
          309.5	  1.068473e-010
            310	   1.03945e-010
          310.5	  1.146675e-010
            311	  1.208829e-010
          311.5	  1.041189e-010
            312	  1.012103e-010
          312.5	  9.515187e-011
            313	  9.092557e-011
          313.5	  9.665783e-011
            314	  1.048478e-010
          314.5	  9.103474e-011
            315	  8.720196e-011
          315.5	  9.053476e-011
            316	  9.081048e-011
          316.5	  9.897445e-011
            317	   1.01513e-010
          317.5	  9.511833e-011
            318	  9.268431e-011
          318.5	  1.108396e-010
            319	  1.199553e-010
          319.5	  1.142063e-010
            320	  8.878143e-011
          320.5	  8.911359e-011
            321	  9.500388e-011
          321.5	  9.284323e-011
            322	  9.470082e-011
          322.5	  9.546555e-011
            323	  1.005105e-010
          323.5	  9.706606e-011
            324	  1.001891e-010
          324.5	  9.178516e-011
            325	  9.060785e-011
          325.5	   1.01094e-010
            326	  1.028736e-010
          326.5	   1.07992e-010
            327	  1.132096e-010
          327.5	  1.066254e-010
            328	    9.8928e-011
          328.5	  1.186089e-010
            329	  1.171079e-010
          329.5	  1.015436e-010
            330	  9.362211e-011
          330.5	  9.066877e-011
            331	  8.388613e-011
          331.5	  9.810962e-011
            332	  1.106598e-010
          332.5	   8.97975e-011
            333	  9.492369e-011
          333.5	  1.118065e-010
            334	  1.031452e-010
          334.5	  8.111947e-011
            335	  9.654302e-011
          335.5	  1.071001e-010
            336	  1.075502e-010
          336.5	  9.658737e-011
            337	  1.045319e-010
          337.5	  1.009263e-010
            338	  8.422331e-011
          338.5	  9.131453e-011
            339	  1.012234e-010
          339.5	  8.817675e-011
            340	   8.29914e-011
          340.5	  8.557048e-011
            341	  8.150559e-011
          341.5	  8.515526e-011
            342	  8.915843e-011
          342.5	  8.377377e-011
            343	  9.295467e-011
          343.5	  8.779198e-011
            344	  7.893189e-011
          344.5	  9.381253e-011
            345	  9.482578e-011
          345.5	  1.004546e-010
            346	   1.03559e-010
          346.5	  8.856463e-011
            347	  9.368576e-011
          347.5	  8.683423e-011
            348	  8.486439e-011
          348.5	   9.46682e-011
            349	  8.365555e-011
          349.5	  7.844992e-011
            350	  8.911165e-011
          350.5	  1.023673e-010
            351	  1.015968e-010
          351.5	  9.161655e-011
            352	  7.607522e-011
          352.5	  7.401603e-011
            353	  8.746429e-011
          353.5	  9.689272e-011
            354	   9.49675e-011
          354.5	  9.790883e-011
            355	  9.644794e-011
          355.5	  8.280027e-011
            356	  8.322167e-011
          356.5	  8.948578e-011
            357	  8.293409e-011
          357.5	  8.957034e-011
            358	  8.164297e-011
          358.5	  8.887588e-011
            359	   8.25234e-011
          359.5	  8.247786e-011
            360	  9.287846e-011
          360.5	  9.002723e-011
            361	  8.266472e-011
          361.5	  1.043411e-010
            362	  1.125191e-010
          362.5	  9.056173e-011
            363	  7.991505e-011
          363.5	  7.221345e-011
            364	  7.730026e-011
          364.5	  8.428869e-011
            365	   9.02096e-011
          365.5	  8.579996e-011
            366	  7.103183e-011
          366.5	  6.551317e-011
            367	  7.971497e-011
          367.5	  8.530607e-011
            368	  8.413249e-011
          368.5	  8.136995e-011
            369	  8.341535e-011
          369.5	  8.434688e-011
            370	  8.927218e-011
          370.5	   8.25174e-011
            371	   7.68041e-011
          371.5	  8.272479e-011
            372	  7.892339e-011
          372.5	  7.577929e-011
            373	  8.428874e-011
          373.5	  8.194862e-011
            374	  8.200907e-011
          374.5	  8.629029e-011
            375	  7.252606e-011
          375.5	  6.761378e-011
            376	  6.890128e-011
          376.5	  8.109843e-011
            377	  9.532075e-011
          377.5	  1.005963e-010
            378	  8.475024e-011
          378.5	  7.308582e-011
            379	  6.711203e-011
          379.5	  7.288072e-011
            380	  8.031995e-011
          380.5	  9.217091e-011
            381	  8.151074e-011
          381.5	  9.303328e-011
            382	  8.641984e-011
          382.5	  7.812693e-011
            383	  8.266406e-011
          383.5	  7.402882e-011
            384	  8.248476e-011
          384.5	  7.455547e-011
            385	  6.559533e-011
          385.5	  6.786911e-011
            386	  6.623941e-011
          386.5	  6.710157e-011
            387	  7.393344e-011
          387.5	  8.520857e-011
            388	  8.197812e-011
          388.5	   8.50843e-011
            389	  8.521763e-011
          389.5	  8.381174e-011
            390	  8.691778e-011
          390.5	  7.201796e-011
            391	  8.397961e-011
          391.5	  8.470487e-011
            392	  7.012534e-011
          392.5	  9.632287e-011
            393	  9.383341e-011
          393.5	  8.008099e-011
            394	  6.994421e-011
          394.5	  7.243227e-011
            395	  8.328697e-011
          395.5	  6.870315e-011
            396	   6.64277e-011
          396.5	  8.543913e-011
            397	  9.037768e-011
          397.5	  7.179606e-011
            398	  7.440665e-011
          398.5	  7.738768e-011
            399	  7.878011e-011
          399.5	  7.383679e-011
            400	  7.371852e-011
